1	0	0		0	0		0
2	0	0		0	0		0
3	0	0		0	0		0
4	0	0		0	0		0
5	0	0		0	0		0
6	0	0		0	0		0
7	0	0		0	0		0
8	0	0		0	0		0
9	0	0		0	0		0
10	0	0		0	0		0
11	0	0		0	0		0
12	0	0		0	0		0
13	0	0		0	0		0
14	0	0		0	0		0
15	0	0		0	0		0
16	0	0		0	0		0
17	0	0		0	0		0
18	0	0		0	0		0
19	0	0		0	0		0
20	0	0		0	0		0
21	0	0		0	0		0
22	0	0		0	0		0
23	0	0		0	0		0
24	0	0		0	0		0
25	0	0		0	0		0
26	0	0		0	0		0
27	0	0		0	0		0
28	0	0		0	0		0
29	0	0		0	0		0
30	120	0.333333333		290	0.322222222		0.011111111
31	1082	3.005555556		2528	2.808888889		0.196666667
32	1019	2.830555556		2531	2.812222222		0.018333333
33	951	2.641666667		2244	2.493333333		0.148333333
34	793	2.202777778		2095	2.327777778		-0.125
35	690	1.916666667		1746	1.94		-0.023333333
36	657	1.825		1570	1.744444444		0.080555556
37	579	1.608333333		1560	1.733333333		-0.125
38	555	1.541666667		1428	1.586666667		-0.045
39	600	1.666666667		1331	1.478888889		0.187777778
40	489	1.358333333		1206	1.34		0.018333333
41	489	1.358333333		1206	1.34		0.018333333
42	444	1.233333333		1079	1.198888889		0.034444444
43	428	1.188888889		984	1.093333333		0.095555556
44	408	1.133333333		943	1.047777778		0.085555556
45	375	1.041666667		914	1.015555556		0.026111111
46	364	1.011111111		898	0.997777778		0.013333333
47	365	1.013888889		764	0.848888889		0.165
48	341	0.947222222		762	0.846666667		0.100555556
49	316	0.877777778		753	0.836666667		0.041111111
50	300	0.833333333		666	0.74		0.093333333
51	314	0.872222222		685	0.761111111		0.111111111
52	243	0.675		701	0.778888889		-0.103888889
53	301	0.836111111		582	0.646666667		0.189444444
54	230	0.638888889		556	0.617777778		0.021111111
55	253	0.702777778		578	0.642222222		0.060555556
56	245	0.680555556		521	0.578888889		0.101666667
57	240	0.666666667		489	0.543333333		0.123333333
58	226	0.627777778		450	0.5		0.127777778
59	228	0.633333333		427	0.474444444		0.158888889
60	196	0.544444444		438	0.486666667		0.057777778
61	219	0.608333333		401	0.445555556		0.162777778
62	165	0.458333333		366	0.406666667		0.051666667
63	185	0.513888889		416	0.462222222		0.051666667
64	193	0.536111111		384	0.426666667		0.109444444
65	175	0.486111111		363	0.403333333		0.082777778
66	152	0.422222222		376	0.417777778		0.004444444
67	163	0.452777778		312	0.346666667		0.106111111
68	149	0.413888889		338	0.375555556		0.038333333
69	165	0.458333333		309	0.343333333		0.115
70	186	0.516666667		298	0.331111111		0.185555556
71	150	0.416666667		273	0.303333333		0.113333333
72	160	0.444444444		304	0.337777778		0.106666667
73	134	0.372222222		239	0.265555556		0.106666667
74	131	0.363888889		263	0.292222222		0.071666667
75	152	0.422222222		272	0.302222222		0.12
76	124	0.344444444		238	0.264444444		0.08
77	134	0.372222222		233	0.258888889		0.113333333
78	141	0.391666667		225	0.25		0.141666667
79	117	0.325		191	0.212222222		0.112777778
80	101	0.280555556		224	0.248888889		0.031666667
81	112	0.311111111		205	0.227777778		0.083333333
82	120	0.333333333		205	0.227777778		0.105555556
83	113	0.313888889		173	0.192222222		0.121666667
84	119	0.330555556		198	0.22		0.110555556
85	116	0.322222222		187	0.207777778		0.114444444
86	105	0.291666667		198	0.22		0.071666667
87	113	0.313888889		176	0.195555556		0.118333333
88	109	0.302777778		173	0.192222222		0.110555556
89	105	0.291666667		141	0.156666667		0.135
90	105	0.291666667		162	0.18		0.111666667
91	99	0.275		192	0.213333333		0.061666667
92	115	0.319444444		157	0.174444444		0.145
93	110	0.305555556		165	0.183333333		0.122222222
94	88	0.244444444		176	0.195555556		0.048888889
95	84	0.233333333		151	0.167777778		0.065555556
96	105	0.291666667		150	0.166666667		0.125
97	86	0.238888889		150	0.166666667		0.072222222
98	97	0.269444444		154	0.171111111		0.098333333
99	91	0.252777778		154	0.171111111		0.081666667
100	98	0.272222222		168	0.186666667		0.085555556
101	94	0.261111111		138	0.153333333		0.107777778
102	87	0.241666667		143	0.158888889		0.082777778
103	86	0.238888889		161	0.178888889		0.06
104	100	0.277777778		143	0.158888889		0.118888889
105	64	0.177777778		129	0.143333333		0.034444444
106	95	0.263888889		130	0.144444444		0.119444444
107	86	0.238888889		148	0.164444444		0.074444444
108	94	0.261111111		144	0.16		0.101111111
109	74	0.205555556		129	0.143333333		0.062222222
110	68	0.188888889		121	0.134444444		0.054444444
111	79	0.219444444		150	0.166666667		0.052777778
112	78	0.216666667		111	0.123333333		0.093333333
113	89	0.247222222		108	0.12		0.127222222
114	95	0.263888889		125	0.138888889		0.125
115	80	0.222222222		106	0.117777778		0.104444444
116	69	0.191666667		123	0.136666667		0.055
117	73	0.202777778		106	0.117777778		0.085
118	84	0.233333333		107	0.118888889		0.114444444
119	76	0.211111111		97	0.107777778		0.103333333
120	75	0.208333333		106	0.117777778		0.090555556
121	75	0.208333333		89	0.098888889		0.109444444
122	91	0.252777778		88	0.097777778		0.155
123	61	0.169444444		80	0.088888889		0.080555556
124	87	0.241666667		79	0.087777778		0.153888889
125	71	0.197222222		75	0.083333333		0.113888889
126	74	0.205555556		68	0.075555556		0.13
127	70	0.194444444		72	0.08		0.114444444
128	77	0.213888889		87	0.096666667		0.117222222
129	87	0.241666667		74	0.082222222		0.159444444
130	77	0.213888889		56	0.062222222		0.151666667
131	76	0.211111111		64	0.071111111		0.14
132	87	0.241666667		62	0.068888889		0.172777778
133	77	0.213888889		79	0.087777778		0.126111111
134	74	0.205555556		59	0.065555556		0.14
135	87	0.241666667		51	0.056666667		0.185
136	70	0.194444444		63	0.07		0.124444444
137	106	0.294444444		55	0.061111111		0.233333333
138	65	0.180555556		43	0.047777778		0.132777778
139	89	0.247222222		44	0.048888889		0.198333333
140	74	0.205555556		60	0.066666667		0.138888889
141	88	0.244444444		58	0.064444444		0.18
142	80	0.222222222		43	0.047777778		0.174444444
143	87	0.241666667		43	0.047777778		0.193888889
144	84	0.233333333		32	0.035555556		0.197777778
145	87	0.241666667		37	0.041111111		0.200555556
146	89	0.247222222		49	0.054444444		0.192777778
147	74	0.205555556		48	0.053333333		0.152222222
148	78	0.216666667		38	0.042222222		0.174444444
149	83	0.230555556		39	0.043333333		0.187222222
150	91	0.252777778		37	0.041111111		0.211666667
151	106	0.294444444		36	0.04		0.254444444
152	97	0.269444444		35	0.038888889		0.230555556
153	72	0.2		31	0.034444444		0.165555556
154	79	0.219444444		32	0.035555556		0.183888889
155	85	0.236111111		36	0.04		0.196111111
156	91	0.252777778		28	0.031111111		0.221666667
157	92	0.255555556		29	0.032222222		0.223333333
158	96	0.266666667		30	0.033333333		0.233333333
159	98	0.272222222		33	0.036666667		0.235555556
160	105	0.291666667		36	0.04		0.251666667
161	109	0.302777778		28	0.031111111		0.271666667
162	89	0.247222222		29	0.032222222		0.215
163	97	0.269444444		29	0.032222222		0.237222222
164	105	0.291666667		18	0.02		0.271666667
165	104	0.288888889		24	0.026666667		0.262222222
166	101	0.280555556		22	0.024444444		0.256111111
167	109	0.302777778		24	0.026666667		0.276111111
168	114	0.316666667		18	0.02		0.296666667
169	117	0.325		21	0.023333333		0.301666667
170	104	0.288888889		20	0.022222222		0.266666667
171	99	0.275		22	0.024444444		0.250555556
172	96	0.266666667		21	0.023333333		0.243333333
173	106	0.294444444		19	0.021111111		0.273333333
174	121	0.336111111		14	0.015555556		0.320555556
175	91	0.252777778		28	0.031111111		0.221666667
176	116	0.322222222		17	0.018888889		0.303333333
177	97	0.269444444		16	0.017777778		0.251666667
178	110	0.305555556		21	0.023333333		0.282222222
179	108	0.3		28	0.031111111		0.268888889
180	95	0.263888889		20	0.022222222		0.241666667
181	130	0.361111111		27	0.03		0.331111111
182	128	0.355555556		22	0.024444444		0.331111111
183	118	0.327777778		20	0.022222222		0.305555556
184	123	0.341666667		17	0.018888889		0.322777778
185	130	0.361111111		22	0.024444444		0.336666667
186	129	0.358333333		23	0.025555556		0.332777778
187	122	0.338888889		21	0.023333333		0.315555556
188	100	0.277777778		22	0.024444444		0.253333333
189	132	0.366666667		22	0.024444444		0.342222222
190	137	0.380555556		19	0.021111111		0.359444444
191	115	0.319444444		13	0.014444444		0.305
192	123	0.341666667		14	0.015555556		0.326111111
193	138	0.383333333		16	0.017777778		0.365555556
194	136	0.377777778		19	0.021111111		0.356666667
195	121	0.336111111		21	0.023333333		0.312777778
196	135	0.375		17	0.018888889		0.356111111
197	128	0.355555556		16	0.017777778		0.337777778
198	129	0.358333333		8	0.008888889		0.349444444
199	133	0.369444444		27	0.03		0.339444444
200	149	0.413888889		19	0.021111111		0.392777778
201	141	0.391666667		15	0.016666667		0.375
202	144	0.4		12	0.013333333		0.386666667
203	131	0.363888889		15	0.016666667		0.347222222
204	141	0.391666667		16	0.017777778		0.373888889
205	166	0.461111111		22	0.024444444		0.436666667
206	146	0.405555556		16	0.017777778		0.387777778
207	138	0.383333333		19	0.021111111		0.362222222
208	151	0.419444444		18	0.02		0.399444444
209	149	0.413888889		16	0.017777778		0.396111111
210	147	0.408333333		14	0.015555556		0.392777778
211	139	0.386111111		18	0.02		0.366111111
212	160	0.444444444		15	0.016666667		0.427777778
213	120	0.333333333		19	0.021111111		0.312222222
214	157	0.436111111		9	0.01		0.426111111
215	143	0.397222222		18	0.02		0.377222222
216	136	0.377777778		20	0.022222222		0.355555556
217	150	0.416666667		16	0.017777778		0.398888889
218	158	0.438888889		13	0.014444444		0.424444444
219	153	0.425		14	0.015555556		0.409444444
220	177	0.491666667		9	0.01		0.481666667
221	160	0.444444444		19	0.021111111		0.423333333
222	157	0.436111111		23	0.025555556		0.410555556
223	164	0.455555556		10	0.011111111		0.444444444
224	143	0.397222222		19	0.021111111		0.376111111
225	151	0.419444444		18	0.02		0.399444444
226	153	0.425		11	0.012222222		0.412777778
227	135	0.375		15	0.016666667		0.358333333
228	148	0.411111111		8	0.008888889		0.402222222
229	170	0.472222222		20	0.022222222		0.45
230	145	0.402777778		13	0.014444444		0.388333333
231	157	0.436111111		14	0.015555556		0.420555556
232	152	0.422222222		15	0.016666667		0.405555556
233	148	0.411111111		20	0.022222222		0.388888889
234	143	0.397222222		8	0.008888889		0.388333333
235	168	0.466666667		8	0.008888889		0.457777778
236	155	0.430555556		16	0.017777778		0.412777778
237	141	0.391666667		14	0.015555556		0.376111111
238	182	0.505555556		13	0.014444444		0.491111111
239	154	0.427777778		17	0.018888889		0.408888889
240	162	0.45		12	0.013333333		0.436666667
241	150	0.416666667		14	0.015555556		0.401111111
242	139	0.386111111		11	0.012222222		0.373888889
243	162	0.45		15	0.016666667		0.433333333
244	133	0.369444444		17	0.018888889		0.350555556
245	145	0.402777778		15	0.016666667		0.386111111
246	175	0.486111111		8	0.008888889		0.477222222
247	149	0.413888889		10	0.011111111		0.402777778
248	155	0.430555556		7	0.007777778		0.422777778
249	173	0.480555556		22	0.024444444		0.456111111
250	163	0.452777778		11	0.012222222		0.440555556
251	168	0.466666667		18	0.02		0.446666667
252	168	0.466666667		14	0.015555556		0.451111111
253	160	0.444444444		12	0.013333333		0.431111111
254	165	0.458333333		14	0.015555556		0.442777778
255	158	0.438888889		12	0.013333333		0.425555556
256	177	0.491666667		14	0.015555556		0.476111111
257	171	0.475		10	0.011111111		0.463888889
258	160	0.444444444		14	0.015555556		0.428888889
259	159	0.441666667		13	0.014444444		0.427222222
260	166	0.461111111		8	0.008888889		0.452222222
261	149	0.413888889		10	0.011111111		0.402777778
262	175	0.486111111		6	0.006666667		0.479444444
263	141	0.391666667		8	0.008888889		0.382777778
264	180	0.5		10	0.011111111		0.488888889
265	159	0.441666667		12	0.013333333		0.428333333
266	177	0.491666667		13	0.014444444		0.477222222
267	147	0.408333333		17	0.018888889		0.389444444
268	164	0.455555556		14	0.015555556		0.44
269	163	0.452777778		6	0.006666667		0.446111111
270	142	0.394444444		16	0.017777778		0.376666667
271	167	0.463888889		16	0.017777778		0.446111111
272	170	0.472222222		16	0.017777778		0.454444444
273	161	0.447222222		15	0.016666667		0.430555556
274	161	0.447222222		11	0.012222222		0.435
275	163	0.452777778		10	0.011111111		0.441666667
276	161	0.447222222		21	0.023333333		0.423888889
277	176	0.488888889		8	0.008888889		0.48
278	180	0.5		12	0.013333333		0.486666667
279	145	0.402777778		11	0.012222222		0.390555556
280	163	0.452777778		8	0.008888889		0.443888889
281	192	0.533333333		9	0.01		0.523333333
282	157	0.436111111		11	0.012222222		0.423888889
283	152	0.422222222		13	0.014444444		0.407777778
284	173	0.480555556		15	0.016666667		0.463888889
285	164	0.455555556		18	0.02		0.435555556
286	152	0.422222222		16	0.017777778		0.404444444
287	172	0.477777778		13	0.014444444		0.463333333
288	161	0.447222222		17	0.018888889		0.428333333
289	165	0.458333333		7	0.007777778		0.450555556
290	167	0.463888889		16	0.017777778		0.446111111
291	157	0.436111111		14	0.015555556		0.420555556
292	153	0.425		10	0.011111111		0.413888889
293	158	0.438888889		11	0.012222222		0.426666667
294	150	0.416666667		5	0.005555556		0.411111111
295	158	0.438888889		11	0.012222222		0.426666667
296	151	0.419444444		6	0.006666667		0.412777778
297	157	0.436111111		8	0.008888889		0.427222222
298	156	0.433333333		15	0.016666667		0.416666667
299	156	0.433333333		9	0.01		0.423333333
300	167	0.463888889		11	0.012222222		0.451666667
301	167	0.463888889		10	0.011111111		0.452777778
302	163	0.452777778		13	0.014444444		0.438333333
303	182	0.505555556		13	0.014444444		0.491111111
304	152	0.422222222		14	0.015555556		0.406666667
305	164	0.455555556		12	0.013333333		0.442222222
306	149	0.413888889		19	0.021111111		0.392777778
307	160	0.444444444		15	0.016666667		0.427777778
308	170	0.472222222		12	0.013333333		0.458888889
309	162	0.45		8	0.008888889		0.441111111
310	139	0.386111111		11	0.012222222		0.373888889
311	133	0.369444444		11	0.012222222		0.357222222
312	157	0.436111111		10	0.011111111		0.425
313	141	0.391666667		7	0.007777778		0.383888889
314	158	0.438888889		7	0.007777778		0.431111111
315	152	0.422222222		13	0.014444444		0.407777778
316	164	0.455555556		8	0.008888889		0.446666667
317	138	0.383333333		11	0.012222222		0.371111111
318	149	0.413888889		13	0.014444444		0.399444444
319	139	0.386111111		7	0.007777778		0.378333333
320	132	0.366666667		12	0.013333333		0.353333333
321	131	0.363888889		10	0.011111111		0.352777778
322	134	0.372222222		12	0.013333333		0.358888889
323	158	0.438888889		8	0.008888889		0.43
324	153	0.425		10	0.011111111		0.413888889
325	161	0.447222222		16	0.017777778		0.429444444
326	137	0.380555556		13	0.014444444		0.366111111
327	138	0.383333333		12	0.013333333		0.37
328	129	0.358333333		12	0.013333333		0.345
329	142	0.394444444		17	0.018888889		0.375555556
330	144	0.4		7	0.007777778		0.392222222
331	142	0.394444444		9	0.01		0.384444444
332	136	0.377777778		17	0.018888889		0.358888889
333	119	0.330555556		10	0.011111111		0.319444444
334	147	0.408333333		10	0.011111111		0.397222222
335	128	0.355555556		12	0.013333333		0.342222222
336	142	0.394444444		12	0.013333333		0.381111111
337	135	0.375		10	0.011111111		0.363888889
338	153	0.425		17	0.018888889		0.406111111
339	140	0.388888889		14	0.015555556		0.373333333
340	136	0.377777778		13	0.014444444		0.363333333
341	138	0.383333333		10	0.011111111		0.372222222
342	153	0.425		16	0.017777778		0.407222222
343	129	0.358333333		13	0.014444444		0.343888889
344	130	0.361111111		14	0.015555556		0.345555556
345	157	0.436111111		10	0.011111111		0.425
346	124	0.344444444		14	0.015555556		0.328888889
347	112	0.311111111		9	0.01		0.301111111
348	154	0.427777778		8	0.008888889		0.418888889
349	109	0.302777778		19	0.021111111		0.281666667
350	130	0.361111111		12	0.013333333		0.347777778
351	156	0.433333333		9	0.01		0.423333333
352	153	0.425		12	0.013333333		0.411666667
353	128	0.355555556		13	0.014444444		0.341111111
354	134	0.372222222		11	0.012222222		0.36
355	150	0.416666667		8	0.008888889		0.407777778
356	121	0.336111111		12	0.013333333		0.322777778
357	124	0.344444444		17	0.018888889		0.325555556
358	135	0.375		10	0.011111111		0.363888889
359	135	0.375		9	0.01		0.365
360	128	0.355555556		13	0.014444444		0.341111111
361	127	0.352777778		5	0.005555556		0.347222222
362	120	0.333333333		5	0.005555556		0.327777778
363	130	0.361111111		6	0.006666667		0.354444444
364	142	0.394444444		13	0.014444444		0.38
365	126	0.35		7	0.007777778		0.342222222
366	128	0.355555556		10	0.011111111		0.344444444
367	120	0.333333333		12	0.013333333		0.32
368	134	0.372222222		10	0.011111111		0.361111111
369	134	0.372222222		19	0.021111111		0.351111111
370	109	0.302777778		12	0.013333333		0.289444444
371	119	0.330555556		17	0.018888889		0.311666667
372	110	0.305555556		12	0.013333333		0.292222222
373	100	0.277777778		6	0.006666667		0.271111111
374	98	0.272222222		17	0.018888889		0.253333333
375	107	0.297222222		9	0.01		0.287222222
376	120	0.333333333		13	0.014444444		0.318888889
377	116	0.322222222		13	0.014444444		0.307777778
378	126	0.35		9	0.01		0.34
379	126	0.35		16	0.017777778		0.332222222
380	107	0.297222222		10	0.011111111		0.286111111
381	120	0.333333333		13	0.014444444		0.318888889
382	106	0.294444444		11	0.012222222		0.282222222
383	93	0.258333333		12	0.013333333		0.245
384	104	0.288888889		4	0.004444444		0.284444444
385	130	0.361111111		9	0.01		0.351111111
386	114	0.316666667		11	0.012222222		0.304444444
387	123	0.341666667		16	0.017777778		0.323888889
388	89	0.247222222		13	0.014444444		0.232777778
389	108	0.3		17	0.018888889		0.281111111
390	112	0.311111111		12	0.013333333		0.297777778
391	107	0.297222222		13	0.014444444		0.282777778
392	112	0.311111111		9	0.01		0.301111111
393	112	0.311111111		19	0.021111111		0.29
394	103	0.286111111		19	0.021111111		0.265
395	104	0.288888889		10	0.011111111		0.277777778
396	110	0.305555556		18	0.02		0.285555556
397	107	0.297222222		16	0.017777778		0.279444444
398	106	0.294444444		13	0.014444444		0.28
399	110	0.305555556		11	0.012222222		0.293333333
400	126	0.35		10	0.011111111		0.338888889
401	130	0.361111111		20	0.022222222		0.338888889
402	99	0.275		16	0.017777778		0.257222222
403	105	0.291666667		9	0.01		0.281666667
404	107	0.297222222		13	0.014444444		0.282777778
405	92	0.255555556		12	0.013333333		0.242222222
406	94	0.261111111		7	0.007777778		0.253333333
407	102	0.283333333		11	0.012222222		0.271111111
408	97	0.269444444		7	0.007777778		0.261666667
409	93	0.258333333		16	0.017777778		0.240555556
410	105	0.291666667		12	0.013333333		0.278333333
411	100	0.277777778		11	0.012222222		0.265555556
412	105	0.291666667		14	0.015555556		0.276111111
413	85	0.236111111		17	0.018888889		0.217222222
414	100	0.277777778		3	0.003333333		0.274444444
415	83	0.230555556		9	0.01		0.220555556
416	110	0.305555556		11	0.012222222		0.293333333
417	79	0.219444444		12	0.013333333		0.206111111
418	88	0.244444444		11	0.012222222		0.232222222
419	104	0.288888889		5	0.005555556		0.283333333
420	93	0.258333333		8	0.008888889		0.249444444
421	99	0.275		14	0.015555556		0.259444444
422	81	0.225		12	0.013333333		0.211666667
423	118	0.327777778		11	0.012222222		0.315555556
424	87	0.241666667		11	0.012222222		0.229444444
425	96	0.266666667		9	0.01		0.256666667
426	98	0.272222222		9	0.01		0.262222222
427	83	0.230555556		14	0.015555556		0.215
428	89	0.247222222		15	0.016666667		0.230555556
429	78	0.216666667		12	0.013333333		0.203333333
430	95	0.263888889		18	0.02		0.243888889
431	75	0.208333333		14	0.015555556		0.192777778
432	79	0.219444444		7	0.007777778		0.211666667
433	83	0.230555556		12	0.013333333		0.217222222
434	72	0.2		10	0.011111111		0.188888889
435	102	0.283333333		16	0.017777778		0.265555556
436	92	0.255555556		12	0.013333333		0.242222222
437	80	0.222222222		17	0.018888889		0.203333333
438	80	0.222222222		8	0.008888889		0.213333333
439	85	0.236111111		9	0.01		0.226111111
440	88	0.244444444		12	0.013333333		0.231111111
441	71	0.197222222		11	0.012222222		0.185
442	70	0.194444444		9	0.01		0.184444444
443	83	0.230555556		8	0.008888889		0.221666667
444	75	0.208333333		8	0.008888889		0.199444444
445	75	0.208333333		16	0.017777778		0.190555556
446	93	0.258333333		9	0.01		0.248333333
447	67	0.186111111		11	0.012222222		0.173888889
448	107	0.297222222		12	0.013333333		0.283888889
449	75	0.208333333		7	0.007777778		0.200555556
450	93	0.258333333		15	0.016666667		0.241666667
451	79	0.219444444		13	0.014444444		0.205
452	86	0.238888889		6	0.006666667		0.232222222
453	97	0.269444444		7	0.007777778		0.261666667
454	88	0.244444444		10	0.011111111		0.233333333
455	73	0.202777778		15	0.016666667		0.186111111
456	74	0.205555556		12	0.013333333		0.192222222
457	80	0.222222222		11	0.012222222		0.21
458	84	0.233333333		6	0.006666667		0.226666667
459	81	0.225		14	0.015555556		0.209444444
460	57	0.158333333		19	0.021111111		0.137222222
461	79	0.219444444		16	0.017777778		0.201666667
462	80	0.222222222		13	0.014444444		0.207777778
463	74	0.205555556		4	0.004444444		0.201111111
464	85	0.236111111		10	0.011111111		0.225
465	78	0.216666667		6	0.006666667		0.21
466	75	0.208333333		11	0.012222222		0.196111111
467	77	0.213888889		10	0.011111111		0.202777778
468	78	0.216666667		14	0.015555556		0.201111111
469	77	0.213888889		15	0.016666667		0.197222222
470	83	0.230555556		15	0.016666667		0.213888889
471	63	0.175		12	0.013333333		0.161666667
472	62	0.172222222		9	0.01		0.162222222
473	72	0.2		13	0.014444444		0.185555556
474	68	0.188888889		14	0.015555556		0.173333333
475	75	0.208333333		13	0.014444444		0.193888889
476	76	0.211111111		10	0.011111111		0.2
477	71	0.197222222		10	0.011111111		0.186111111
478	62	0.172222222		18	0.02		0.152222222
479	69	0.191666667		7	0.007777778		0.183888889
480	69	0.191666667		8	0.008888889		0.182777778
481	69	0.191666667		13	0.014444444		0.177222222
482	66	0.183333333		9	0.01		0.173333333
483	82	0.227777778		13	0.014444444		0.213333333
484	58	0.161111111		8	0.008888889		0.152222222
485	77	0.213888889		9	0.01		0.203888889
486	57	0.158333333		6	0.006666667		0.151666667
487	78	0.216666667		8	0.008888889		0.207777778
488	68	0.188888889		9	0.01		0.178888889
489	71	0.197222222		10	0.011111111		0.186111111
490	74	0.205555556		14	0.015555556		0.19
491	69	0.191666667		5	0.005555556		0.186111111
492	67	0.186111111		12	0.013333333		0.172777778
493	68	0.188888889		10	0.011111111		0.177777778
494	59	0.163888889		7	0.007777778		0.156111111
495	72	0.2		15	0.016666667		0.183333333
496	60	0.166666667		10	0.011111111		0.155555556
497	72	0.2		8	0.008888889		0.191111111
498	62	0.172222222		11	0.012222222		0.16
499	66	0.183333333		13	0.014444444		0.168888889
500	68	0.188888889		8	0.008888889		0.18
501	70	0.194444444		10	0.011111111		0.183333333
502	51	0.141666667		10	0.011111111		0.130555556
503	72	0.2		12	0.013333333		0.186666667
504	67	0.186111111		11	0.012222222		0.173888889
505	74	0.205555556		5	0.005555556		0.2
506	63	0.175		7	0.007777778		0.167222222
507	67	0.186111111		13	0.014444444		0.171666667
508	51	0.141666667		9	0.01		0.131666667
509	75	0.208333333		9	0.01		0.198333333
510	60	0.166666667		8	0.008888889		0.157777778
511	79	0.219444444		7	0.007777778		0.211666667
512	57	0.158333333		7	0.007777778		0.150555556
513	70	0.194444444		9	0.01		0.184444444
514	44	0.122222222		13	0.014444444		0.107777778
515	70	0.194444444		10	0.011111111		0.183333333
516	53	0.147222222		10	0.011111111		0.136111111
517	69	0.191666667		9	0.01		0.181666667
518	59	0.163888889		17	0.018888889		0.145
519	61	0.169444444		4	0.004444444		0.165
520	77	0.213888889		9	0.01		0.203888889
521	75	0.208333333		8	0.008888889		0.199444444
522	69	0.191666667		10	0.011111111		0.180555556
523	76	0.211111111		13	0.014444444		0.196666667
524	78	0.216666667		6	0.006666667		0.21
525	68	0.188888889		5	0.005555556		0.183333333
526	79	0.219444444		7	0.007777778		0.211666667
527	66	0.183333333		6	0.006666667		0.176666667
528	66	0.183333333		2	0.002222222		0.181111111
529	61	0.169444444		8	0.008888889		0.160555556
530	75	0.208333333		8	0.008888889		0.199444444
531	69	0.191666667		8	0.008888889		0.182777778
532	72	0.2		11	0.012222222		0.187777778
533	67	0.186111111		12	0.013333333		0.172777778
534	59	0.163888889		6	0.006666667		0.157222222
535	67	0.186111111		10	0.011111111		0.175
536	80	0.222222222		8	0.008888889		0.213333333
537	73	0.202777778		5	0.005555556		0.197222222
538	79	0.219444444		7	0.007777778		0.211666667
539	73	0.202777778		5	0.005555556		0.197222222
540	66	0.183333333		7	0.007777778		0.175555556
541	78	0.216666667		11	0.012222222		0.204444444
542	65	0.180555556		6	0.006666667		0.173888889
543	72	0.2		10	0.011111111		0.188888889
544	70	0.194444444		6	0.006666667		0.187777778
545	55	0.152777778		12	0.013333333		0.139444444
546	70	0.194444444		9	0.01		0.184444444
547	73	0.202777778		11	0.012222222		0.190555556
548	71	0.197222222		10	0.011111111		0.186111111
549	73	0.202777778		9	0.01		0.192777778
550	72	0.2		9	0.01		0.19
551	72	0.2		8	0.008888889		0.191111111
552	70	0.194444444		9	0.01		0.184444444
553	67	0.186111111		9	0.01		0.176111111
554	79	0.219444444		13	0.014444444		0.205
555	78	0.216666667		8	0.008888889		0.207777778
556	85	0.236111111		10	0.011111111		0.225
557	64	0.177777778		10	0.011111111		0.166666667
558	68	0.188888889		7	0.007777778		0.181111111
559	72	0.2		9	0.01		0.19
560	73	0.202777778		10	0.011111111		0.191666667
561	68	0.188888889		8	0.008888889		0.18
562	70	0.194444444		12	0.013333333		0.181111111
563	69	0.191666667		9	0.01		0.181666667
564	74	0.205555556		7	0.007777778		0.197777778
565	71	0.197222222		11	0.012222222		0.185
566	72	0.2		6	0.006666667		0.193333333
567	73	0.202777778		12	0.013333333		0.189444444
568	59	0.163888889		12	0.013333333		0.150555556
569	73	0.202777778		4	0.004444444		0.198333333
570	81	0.225		11	0.012222222		0.212777778
571	72	0.2		13	0.014444444		0.185555556
572	55	0.152777778		13	0.014444444		0.138333333
573	77	0.213888889		6	0.006666667		0.207222222
574	66	0.183333333		7	0.007777778		0.175555556
575	45	0.125		11	0.012222222		0.112777778
576	60	0.166666667		5	0.005555556		0.161111111
577	73	0.202777778		6	0.006666667		0.196111111
578	69	0.191666667		7	0.007777778		0.183888889
579	55	0.152777778		4	0.004444444		0.148333333
580	58	0.161111111		13	0.014444444		0.146666667
581	39	0.108333333		8	0.008888889		0.099444444
582	67	0.186111111		14	0.015555556		0.170555556
583	53	0.147222222		13	0.014444444		0.132777778
584	64	0.177777778		8	0.008888889		0.168888889
585	56	0.155555556		8	0.008888889		0.146666667
586	56	0.155555556		12	0.013333333		0.142222222
587	49	0.136111111		9	0.01		0.126111111
588	58	0.161111111		8	0.008888889		0.152222222
589	41	0.113888889		6	0.006666667		0.107222222
590	62	0.172222222		4	0.004444444		0.167777778
591	52	0.144444444		11	0.012222222		0.132222222
592	42	0.116666667		5	0.005555556		0.111111111
593	55	0.152777778		12	0.013333333		0.139444444
594	58	0.161111111		8	0.008888889		0.152222222
595	54	0.15		8	0.008888889		0.141111111
596	65	0.180555556		6	0.006666667		0.173888889
597	40	0.111111111		10	0.011111111		0.1
598	57	0.158333333		7	0.007777778		0.150555556
599	49	0.136111111		12	0.013333333		0.122777778
600	46	0.127777778		5	0.005555556		0.122222222
601	47	0.130555556		9	0.01		0.120555556
602	48	0.133333333		2	0.002222222		0.131111111
603	47	0.130555556		9	0.01		0.120555556
604	49	0.136111111		12	0.013333333		0.122777778
605	38	0.105555556		9	0.01		0.095555556
606	41	0.113888889		2	0.002222222		0.111666667
607	41	0.113888889		9	0.01		0.103888889
608	54	0.15		7	0.007777778		0.142222222
609	47	0.130555556		10	0.011111111		0.119444444
610	47	0.130555556		5	0.005555556		0.125
611	44	0.122222222		11	0.012222222		0.11
612	48	0.133333333		9	0.01		0.123333333
613	45	0.125		6	0.006666667		0.118333333
614	39	0.108333333		12	0.013333333		0.095
615	56	0.155555556		7	0.007777778		0.147777778
616	33	0.091666667		9	0.01		0.081666667
617	44	0.122222222		10	0.011111111		0.111111111
618	58	0.161111111		10	0.011111111		0.15
619	46	0.127777778		12	0.013333333		0.114444444
620	42	0.116666667		7	0.007777778		0.108888889
621	37	0.102777778		6	0.006666667		0.096111111
622	35	0.097222222		10	0.011111111		0.086111111
623	41	0.113888889		8	0.008888889		0.105
624	41	0.113888889		6	0.006666667		0.107222222
625	42	0.116666667		11	0.012222222		0.104444444
626	37	0.102777778		7	0.007777778		0.095
627	39	0.108333333		7	0.007777778		0.100555556
628	39	0.108333333		8	0.008888889		0.099444444
629	47	0.130555556		9	0.01		0.120555556
630	40	0.111111111		9	0.01		0.101111111
631	45	0.125		4	0.004444444		0.120555556
632	41	0.113888889		6	0.006666667		0.107222222
633	37	0.102777778		8	0.008888889		0.093888889
634	34	0.094444444		10	0.011111111		0.083333333
635	43	0.119444444		12	0.013333333		0.106111111
636	40	0.111111111		11	0.012222222		0.098888889
637	48	0.133333333		5	0.005555556		0.127777778
638	40	0.111111111		6	0.006666667		0.104444444
639	39	0.108333333		2	0.002222222		0.106111111
640	40	0.111111111		8	0.008888889		0.102222222
641	40	0.111111111		5	0.005555556		0.105555556
642	39	0.108333333		8	0.008888889		0.099444444
643	40	0.111111111		11	0.012222222		0.098888889
644	32	0.088888889		8	0.008888889		0.08
645	30	0.083333333		9	0.01		0.073333333
646	41	0.113888889		12	0.013333333		0.100555556
647	35	0.097222222		11	0.012222222		0.085
648	32	0.088888889		5	0.005555556		0.083333333
649	33	0.091666667		7	0.007777778		0.083888889
650	41	0.113888889		6	0.006666667		0.107222222
651	35	0.097222222		7	0.007777778		0.089444444
652	35	0.097222222		10	0.011111111		0.086111111
653	25	0.069444444		15	0.016666667		0.052777778
654	38	0.105555556		9	0.01		0.095555556
655	38	0.105555556		14	0.015555556		0.09
656	44	0.122222222		7	0.007777778		0.114444444
657	41	0.113888889		10	0.011111111		0.102777778
658	28	0.077777778		7	0.007777778		0.07
659	35	0.097222222		14	0.015555556		0.081666667
660	30	0.083333333		15	0.016666667		0.066666667
661	38	0.105555556		8	0.008888889		0.096666667
662	41	0.113888889		9	0.01		0.103888889
663	45	0.125		10	0.011111111		0.113888889
664	36	0.1		15	0.016666667		0.083333333
665	39	0.108333333		13	0.014444444		0.093888889
666	44	0.122222222		6	0.006666667		0.115555556
667	34	0.094444444		6	0.006666667		0.087777778
668	29	0.080555556		6	0.006666667		0.073888889
669	36	0.1		7	0.007777778		0.092222222
670	38	0.105555556		6	0.006666667		0.098888889
671	30	0.083333333		7	0.007777778		0.075555556
672	33	0.091666667		12	0.013333333		0.078333333
673	26	0.072222222		5	0.005555556		0.066666667
674	41	0.113888889		10	0.011111111		0.102777778
675	25	0.069444444		8	0.008888889		0.060555556
676	27	0.075		8	0.008888889		0.066111111
677	32	0.088888889		6	0.006666667		0.082222222
678	23	0.063888889		12	0.013333333		0.050555556
679	29	0.080555556		7	0.007777778		0.072777778
680	42	0.116666667		5	0.005555556		0.111111111
681	31	0.086111111		11	0.012222222		0.073888889
682	41	0.113888889		8	0.008888889		0.105
683	32	0.088888889		7	0.007777778		0.081111111
684	39	0.108333333		10	0.011111111		0.097222222
685	28	0.077777778		4	0.004444444		0.073333333
686	37	0.102777778		7	0.007777778		0.095
687	26	0.072222222		10	0.011111111		0.061111111
688	47	0.130555556		8	0.008888889		0.121666667
689	34	0.094444444		3	0.003333333		0.091111111
690	41	0.113888889		10	0.011111111		0.102777778
691	30	0.083333333		7	0.007777778		0.075555556
692	36	0.1		12	0.013333333		0.086666667
693	40	0.111111111		8	0.008888889		0.102222222
694	26	0.072222222		10	0.011111111		0.061111111
695	22	0.061111111		8	0.008888889		0.052222222
696	33	0.091666667		7	0.007777778		0.083888889
697	39	0.108333333		11	0.012222222		0.096111111
698	29	0.080555556		10	0.011111111		0.069444444
699	37	0.102777778		10	0.011111111		0.091666667
700	30	0.083333333		11	0.012222222		0.071111111
701	41	0.113888889		5	0.005555556		0.108333333
702	41	0.113888889		6	0.006666667		0.107222222
703	44	0.122222222		8	0.008888889		0.113333333
704	36	0.1		8	0.008888889		0.091111111
705	29	0.080555556		10	0.011111111		0.069444444
706	36	0.1		12	0.013333333		0.086666667
707	36	0.1		5	0.005555556		0.094444444
708	28	0.077777778		6	0.006666667		0.071111111
709	31	0.086111111		6	0.006666667		0.079444444
710	29	0.080555556		7	0.007777778		0.072777778
711	36	0.1		6	0.006666667		0.093333333
712	24	0.066666667		5	0.005555556		0.061111111
713	32	0.088888889		8	0.008888889		0.08
714	38	0.105555556		4	0.004444444		0.101111111
715	43	0.119444444		7	0.007777778		0.111666667
716	31	0.086111111		11	0.012222222		0.073888889
717	27	0.075		3	0.003333333		0.071666667
718	22	0.061111111		6	0.006666667		0.054444444
719	31	0.086111111		12	0.013333333		0.072777778
720	30	0.083333333		12	0.013333333		0.07
721	32	0.088888889		6	0.006666667		0.082222222
722	29	0.080555556		7	0.007777778		0.072777778
723	34	0.094444444		11	0.012222222		0.082222222
724	27	0.075		5	0.005555556		0.069444444
725	37	0.102777778		5	0.005555556		0.097222222
726	34	0.094444444		11	0.012222222		0.082222222
727	29	0.080555556		10	0.011111111		0.069444444
728	30	0.083333333		6	0.006666667		0.076666667
729	28	0.077777778		6	0.006666667		0.071111111
730	28	0.077777778		13	0.014444444		0.063333333
731	26	0.072222222		5	0.005555556		0.066666667
732	35	0.097222222		4	0.004444444		0.092777778
733	36	0.1		9	0.01		0.09
734	30	0.083333333		5	0.005555556		0.077777778
735	33	0.091666667		5	0.005555556		0.086111111
736	31	0.086111111		6	0.006666667		0.079444444
737	34	0.094444444		6	0.006666667		0.087777778
738	26	0.072222222		6	0.006666667		0.065555556
739	28	0.077777778		8	0.008888889		0.068888889
740	33	0.091666667		10	0.011111111		0.080555556
741	22	0.061111111		9	0.01		0.051111111
742	34	0.094444444		4	0.004444444		0.09
743	26	0.072222222		8	0.008888889		0.063333333
744	35	0.097222222		5	0.005555556		0.091666667
745	36	0.1		8	0.008888889		0.091111111
746	31	0.086111111		6	0.006666667		0.079444444
747	30	0.083333333		7	0.007777778		0.075555556
748	22	0.061111111		7	0.007777778		0.053333333
749	32	0.088888889		9	0.01		0.078888889
750	32	0.088888889		7	0.007777778		0.081111111
751	15	0.041666667		7	0.007777778		0.033888889
752	27	0.075		8	0.008888889		0.066111111
753	26	0.072222222		5	0.005555556		0.066666667
754	26	0.072222222		3	0.003333333		0.068888889
755	21	0.058333333		7	0.007777778		0.050555556
756	31	0.086111111		5	0.005555556		0.080555556
757	30	0.083333333		5	0.005555556		0.077777778
758	32	0.088888889		11	0.012222222		0.076666667
759	30	0.083333333		9	0.01		0.073333333
760	24	0.066666667		10	0.011111111		0.055555556
761	27	0.075		8	0.008888889		0.066111111
762	20	0.055555556		10	0.011111111		0.044444444
763	24	0.066666667		5	0.005555556		0.061111111
764	30	0.083333333		7	0.007777778		0.075555556
765	27	0.075		5	0.005555556		0.069444444
766	20	0.055555556		14	0.015555556		0.04
767	27	0.075		6	0.006666667		0.068333333
768	31	0.086111111		6	0.006666667		0.079444444
769	21	0.058333333		6	0.006666667		0.051666667
770	25	0.069444444		10	0.011111111		0.058333333
771	30	0.083333333		8	0.008888889		0.074444444
772	14	0.038888889		8	0.008888889		0.03
773	28	0.077777778		4	0.004444444		0.073333333
774	24	0.066666667		7	0.007777778		0.058888889
775	17	0.047222222		8	0.008888889		0.038333333
776	24	0.066666667		6	0.006666667		0.06
777	26	0.072222222		4	0.004444444		0.067777778
778	21	0.058333333		9	0.01		0.048333333
779	32	0.088888889		3	0.003333333		0.085555556
780	28	0.077777778		7	0.007777778		0.07
781	22	0.061111111		4	0.004444444		0.056666667
782	33	0.091666667		6	0.006666667		0.085
783	26	0.072222222		5	0.005555556		0.066666667
784	24	0.066666667		7	0.007777778		0.058888889
785	23	0.063888889		9	0.01		0.053888889
786	25	0.069444444		10	0.011111111		0.058333333
787	24	0.066666667		4	0.004444444		0.062222222
788	36	0.1		3	0.003333333		0.096666667
789	28	0.077777778		4	0.004444444		0.073333333
790	22	0.061111111		11	0.012222222		0.048888889
791	20	0.055555556		6	0.006666667		0.048888889
792	29	0.080555556		5	0.005555556		0.075
793	24	0.066666667		7	0.007777778		0.058888889
794	18	0.05		7	0.007777778		0.042222222
795	28	0.077777778		6	0.006666667		0.071111111
796	21	0.058333333		7	0.007777778		0.050555556
797	21	0.058333333		10	0.011111111		0.047222222
798	21	0.058333333		5	0.005555556		0.052777778
799	29	0.080555556		2	0.002222222		0.078333333
800	23	0.063888889		8	0.008888889		0.055
801	22	0.061111111		7	0.007777778		0.053333333
802	23	0.063888889		8	0.008888889		0.055
803	20	0.055555556		7	0.007777778		0.047777778
804	30	0.083333333		8	0.008888889		0.074444444
805	20	0.055555556		9	0.01		0.045555556
806	29	0.080555556		5	0.005555556		0.075
807	21	0.058333333		12	0.013333333		0.045
808	22	0.061111111		5	0.005555556		0.055555556
809	16	0.044444444		3	0.003333333		0.041111111
810	26	0.072222222		3	0.003333333		0.068888889
811	23	0.063888889		6	0.006666667		0.057222222
812	16	0.044444444		1	0.001111111		0.043333333
813	24	0.066666667		8	0.008888889		0.057777778
814	21	0.058333333		4	0.004444444		0.053888889
815	26	0.072222222		6	0.006666667		0.065555556
816	19	0.052777778		7	0.007777778		0.045
817	20	0.055555556		8	0.008888889		0.046666667
818	20	0.055555556		6	0.006666667		0.048888889
819	30	0.083333333		5	0.005555556		0.077777778
820	24	0.066666667		5	0.005555556		0.061111111
821	15	0.041666667		7	0.007777778		0.033888889
822	21	0.058333333		3	0.003333333		0.055
823	25	0.069444444		7	0.007777778		0.061666667
824	18	0.05		10	0.011111111		0.038888889
825	24	0.066666667		5	0.005555556		0.061111111
826	21	0.058333333		6	0.006666667		0.051666667
827	8	0.022222222		5	0.005555556		0.016666667
828	23	0.063888889		4	0.004444444		0.059444444
829	23	0.063888889		4	0.004444444		0.059444444
830	18	0.05		6	0.006666667		0.043333333
831	19	0.052777778		9	0.01		0.042777778
832	16	0.044444444		6	0.006666667		0.037777778
833	19	0.052777778		4	0.004444444		0.048333333
834	20	0.055555556		9	0.01		0.045555556
835	26	0.072222222		12	0.013333333		0.058888889
836	23	0.063888889		6	0.006666667		0.057222222
837	22	0.061111111		5	0.005555556		0.055555556
838	22	0.061111111		3	0.003333333		0.057777778
839	23	0.063888889		5	0.005555556		0.058333333
840	22	0.061111111		5	0.005555556		0.055555556
841	18	0.05		7	0.007777778		0.042222222
842	20	0.055555556		5	0.005555556		0.05
843	14	0.038888889		4	0.004444444		0.034444444
844	14	0.038888889		3	0.003333333		0.035555556
845	20	0.055555556		4	0.004444444		0.051111111
846	20	0.055555556		3	0.003333333		0.052222222
847	17	0.047222222		8	0.008888889		0.038333333
848	18	0.05		9	0.01		0.04
849	23	0.063888889		5	0.005555556		0.058333333
850	19	0.052777778		4	0.004444444		0.048333333
851	24	0.066666667		4	0.004444444		0.062222222
852	18	0.05		2	0.002222222		0.047777778
853	19	0.052777778		5	0.005555556		0.047222222
854	14	0.038888889		1	0.001111111		0.037777778
855	14	0.038888889		5	0.005555556		0.033333333
856	29	0.080555556		8	0.008888889		0.071666667
857	23	0.063888889		6	0.006666667		0.057222222
858	25	0.069444444		1	0.001111111		0.068333333
859	17	0.047222222		8	0.008888889		0.038333333
860	28	0.077777778		6	0.006666667		0.071111111
861	20	0.055555556		8	0.008888889		0.046666667
862	20	0.055555556		6	0.006666667		0.048888889
863	18	0.05		5	0.005555556		0.044444444
864	15	0.041666667		3	0.003333333		0.038333333
865	14	0.038888889		1	0.001111111		0.037777778
866	26	0.072222222		4	0.004444444		0.067777778
867	24	0.066666667		3	0.003333333		0.063333333
868	15	0.041666667		9	0.01		0.031666667
869	24	0.066666667		3	0.003333333		0.063333333
870	21	0.058333333		7	0.007777778		0.050555556
871	25	0.069444444		1	0.001111111		0.068333333
872	21	0.058333333		5	0.005555556		0.052777778
873	16	0.044444444		2	0.002222222		0.042222222
874	25	0.069444444		2	0.002222222		0.067222222
875	18	0.05		4	0.004444444		0.045555556
876	20	0.055555556		5	0.005555556		0.05
877	17	0.047222222		4	0.004444444		0.042777778
878	23	0.063888889		8	0.008888889		0.055
879	16	0.044444444		7	0.007777778		0.036666667
880	18	0.05		2	0.002222222		0.047777778
881	19	0.052777778		2	0.002222222		0.050555556
882	14	0.038888889		4	0.004444444		0.034444444
883	22	0.061111111		4	0.004444444		0.056666667
884	11	0.030555556		2	0.002222222		0.028333333
885	25	0.069444444		2	0.002222222		0.067222222
886	25	0.069444444		4	0.004444444		0.065
887	20	0.055555556		8	0.008888889		0.046666667
888	10	0.027777778		3	0.003333333		0.024444444
889	19	0.052777778		5	0.005555556		0.047222222
890	22	0.061111111		1	0.001111111		0.06
891	16	0.044444444		5	0.005555556		0.038888889
892	18	0.05		5	0.005555556		0.044444444
893	22	0.061111111		3	0.003333333		0.057777778
894	22	0.061111111		2	0.002222222		0.058888889
895	12	0.033333333		10	0.011111111		0.022222222
896	20	0.055555556		2	0.002222222		0.053333333
897	16	0.044444444		2	0.002222222		0.042222222
898	16	0.044444444		5	0.005555556		0.038888889
899	17	0.047222222		6	0.006666667		0.040555556
900	13	0.036111111		8	0.008888889		0.027222222
901	13	0.036111111		6	0.006666667		0.029444444
902	16	0.044444444		3	0.003333333		0.041111111
903	18	0.05		4	0.004444444		0.045555556
904	17	0.047222222		5	0.005555556		0.041666667
905	21	0.058333333		5	0.005555556		0.052777778
906	15	0.041666667		3	0.003333333		0.038333333
907	19	0.052777778		3	0.003333333		0.049444444
908	15	0.041666667		2	0.002222222		0.039444444
909	10	0.027777778		3	0.003333333		0.024444444
910	16	0.044444444		4	0.004444444		0.04
911	10	0.027777778		1	0.001111111		0.026666667
912	18	0.05		4	0.004444444		0.045555556
913	24	0.066666667		3	0.003333333		0.063333333
914	10	0.027777778		1	0.001111111		0.026666667
915	11	0.030555556		0	0		0.030555556
916	21	0.058333333		5	0.005555556		0.052777778
917	18	0.05		4	0.004444444		0.045555556
918	14	0.038888889		4	0.004444444		0.034444444
919	14	0.038888889		6	0.006666667		0.032222222
920	17	0.047222222		3	0.003333333		0.043888889
921	17	0.047222222		2	0.002222222		0.045
922	14	0.038888889		4	0.004444444		0.034444444
923	18	0.05		5	0.005555556		0.044444444
924	22	0.061111111		2	0.002222222		0.058888889
925	18	0.05		3	0.003333333		0.046666667
926	19	0.052777778		3	0.003333333		0.049444444
927	18	0.05		6	0.006666667		0.043333333
928	20	0.055555556		4	0.004444444		0.051111111
929	23	0.063888889		4	0.004444444		0.059444444
930	13	0.036111111		2	0.002222222		0.033888889
931	11	0.030555556		4	0.004444444		0.026111111
932	20	0.055555556		3	0.003333333		0.052222222
933	12	0.033333333		5	0.005555556		0.027777778
934	17	0.047222222		3	0.003333333		0.043888889
935	22	0.061111111		5	0.005555556		0.055555556
936	9	0.025		5	0.005555556		0.019444444
937	15	0.041666667		5	0.005555556		0.036111111
938	15	0.041666667		8	0.008888889		0.032777778
939	18	0.05		3	0.003333333		0.046666667
940	18	0.05		5	0.005555556		0.044444444
941	13	0.036111111		3	0.003333333		0.032777778
942	20	0.055555556		5	0.005555556		0.05
943	20	0.055555556		4	0.004444444		0.051111111
944	16	0.044444444		1	0.001111111		0.043333333
945	14	0.038888889		3	0.003333333		0.035555556
946	20	0.055555556		4	0.004444444		0.051111111
947	12	0.033333333		4	0.004444444		0.028888889
948	18	0.05		2	0.002222222		0.047777778
949	12	0.033333333		6	0.006666667		0.026666667
950	16	0.044444444		6	0.006666667		0.037777778
951	18	0.05		3	0.003333333		0.046666667
952	18	0.05		2	0.002222222		0.047777778
953	19	0.052777778		5	0.005555556		0.047222222
954	12	0.033333333		6	0.006666667		0.026666667
955	18	0.05		1	0.001111111		0.048888889
956	17	0.047222222		4	0.004444444		0.042777778
957	21	0.058333333		5	0.005555556		0.052777778
958	13	0.036111111		1	0.001111111		0.035
959	8	0.022222222		5	0.005555556		0.016666667
960	12	0.033333333		4	0.004444444		0.028888889
961	13	0.036111111		3	0.003333333		0.032777778
962	10	0.027777778		3	0.003333333		0.024444444
963	14	0.038888889		3	0.003333333		0.035555556
964	12	0.033333333		4	0.004444444		0.028888889
965	10	0.027777778		4	0.004444444		0.023333333
966	15	0.041666667		4	0.004444444		0.037222222
967	14	0.038888889		2	0.002222222		0.036666667
968	10	0.027777778		1	0.001111111		0.026666667
969	19	0.052777778		2	0.002222222		0.050555556
970	12	0.033333333		5	0.005555556		0.027777778
971	12	0.033333333		2	0.002222222		0.031111111
972	14	0.038888889		0	0		0.038888889
973	15	0.041666667		8	0.008888889		0.032777778
974	14	0.038888889		3	0.003333333		0.035555556
975	12	0.033333333		2	0.002222222		0.031111111
976	18	0.05		8	0.008888889		0.041111111
977	20	0.055555556		5	0.005555556		0.05
978	17	0.047222222		3	0.003333333		0.043888889
979	28	0.077777778		2	0.002222222		0.075555556
980	15	0.041666667		3	0.003333333		0.038333333
981	12	0.033333333		5	0.005555556		0.027777778
982	15	0.041666667		4	0.004444444		0.037222222
983	12	0.033333333		4	0.004444444		0.028888889
984	10	0.027777778		6	0.006666667		0.021111111
985	16	0.044444444		4	0.004444444		0.04
986	18	0.05		2	0.002222222		0.047777778
987	16	0.044444444		3	0.003333333		0.041111111
988	15	0.041666667		2	0.002222222		0.039444444
989	13	0.036111111		3	0.003333333		0.032777778
990	16	0.044444444		3	0.003333333		0.041111111
991	17	0.047222222		2	0.002222222		0.045
992	14	0.038888889		3	0.003333333		0.035555556
993	0	0		0	0		0
994	0	0		0	0		0
995	0	0		0	0		0
996	0	0		0	0		0
997	0	0		0	0		0
998	0	0		0	0		0
999	0	0		0	0		0
1000	0	0		0	0		0
1001	0	0		0	0		0
1002	0	0		0	0		0
1003	0	0		0	0		0
1004	0	0		0	0		0
1005	0	0		0	0		0
1006	0	0		0	0		0
1007	0	0		0	0		0
1008	0	0		0	0		0
1009	0	0		0	0		0
1010	0	0		0	0		0
1011	0	0		0	0		0
1012	0	0		0	0		0
1013	0	0		0	0		0
1014	0	0		0	0		0
1015	0	0		0	0		0
1016	0	0		0	0		0
1017	0	0		0	0		0
1018	0	0		0	0		0
1019	0	0		0	0		0
1020	0	0		0	0		0
1021	0	0		0	0		0
1022	0	0		0	0		0
1023	0	0		0	0		0
1024	0	0		0	0		0