1	0	0		0		0
2	0	0		0		0
3	0	0		0		0
4	0	0		0		0
5	0	0		0		0
6	0	0		0		0
7	0	0		0		0
8	0	0		0		0
9	0	0		0		0
10	0	0		0		0
11	0	0		0		0
12	0	0		0		0
13	0	0		0		0
14	0	0		0		0
15	0	0		0		0
16	0	0		0		0
17	0	0		0		0
18	0	0		0		0
19	0	0		0		0
20	0	0		0		0
21	0	0		0		0
22	0	0		0		0
23	0	0		0		0
24	0	0		0		0
25	0	0		0		0
26	0	0		0		0
27	0	0		0		0
28	0	0		0		0
29	0	0		0		0
30	306	0.34		0.322222222		0.017777778
31	2675	2.972222222		2.808888889		0.163333333
32	2638	2.931111111		2.812222222		0.118888889
33	2564	2.848888889		2.493333333		0.355555556
34	2135	2.372222222		2.327777778		0.044444444
35	1878	2.086666667		1.94		0.146666667
36	1702	1.891111111		1.744444444		0.146666667
37	1590	1.766666667		1.733333333		0.033333333
38	1486	1.651111111		1.586666667		0.064444444
39	1349	1.498888889		1.478888889		0.02
40	1349	1.498888889		1.34		0.158888889
41	1206	1.34		1.34		0
42	1114	1.237777778		1.198888889		0.038888889
43	1085	1.205555556		1.093333333		0.112222222
44	996	1.106666667		1.047777778		0.058888889
45	1031	1.145555556		1.015555556		0.13
46	866	0.962222222		0.997777778		-0.035555556
47	843	0.936666667		0.848888889		0.087777778
48	811	0.901111111		0.846666667		0.054444444
49	789	0.876666667		0.836666667		0.04
50	736	0.817777778		0.74		0.077777778
51	699	0.776666667		0.761111111		0.015555556
52	627	0.696666667		0.778888889		-0.082222222
53	580	0.644444444		0.646666667		-0.002222222
54	597	0.663333333		0.617777778		0.045555556
55	543	0.603333333		0.642222222		-0.038888889
56	571	0.634444444		0.578888889		0.055555556
57	537	0.596666667		0.543333333		0.053333333
58	467	0.518888889		0.5		0.018888889
59	462	0.513333333		0.474444444		0.038888889
60	446	0.495555556		0.486666667		0.008888889
61	444	0.493333333		0.445555556		0.047777778
62	433	0.481111111		0.406666667		0.074444444
63	399	0.443333333		0.462222222		-0.018888889
64	388	0.431111111		0.426666667		0.004444444
65	398	0.442222222		0.403333333		0.038888889
66	337	0.374444444		0.417777778		-0.043333333
67	326	0.362222222		0.346666667		0.015555556
68	341	0.378888889		0.375555556		0.003333333
69	323	0.358888889		0.343333333		0.015555556
70	267	0.296666667		0.331111111		-0.034444444
71	315	0.35		0.303333333		0.046666667
72	286	0.317777778		0.337777778		-0.02
73	285	0.316666667		0.265555556		0.051111111
74	269	0.298888889		0.292222222		0.006666667
75	252	0.28		0.302222222		-0.022222222
76	249	0.276666667		0.264444444		0.012222222
77	225	0.25		0.258888889		-0.008888889
78	260	0.288888889		0.25		0.038888889
79	236	0.262222222		0.212222222		0.05
80	215	0.238888889		0.248888889		-0.01
81	207	0.23		0.227777778		0.002222222
82	215	0.238888889		0.227777778		0.011111111
83	206	0.228888889		0.192222222		0.036666667
84	205	0.227777778		0.22		0.007777778
85	188	0.208888889		0.207777778		0.001111111
86	169	0.187777778		0.22		-0.032222222
87	193	0.214444444		0.195555556		0.018888889
88	171	0.19		0.192222222		-0.002222222
89	165	0.183333333		0.156666667		0.026666667
90	180	0.2		0.18		0.02
91	156	0.173333333		0.213333333		-0.04
92	171	0.19		0.174444444		0.015555556
93	165	0.183333333		0.183333333		0
94	182	0.202222222		0.195555556		0.006666667
95	160	0.177777778		0.167777778		0.01
96	156	0.173333333		0.166666667		0.006666667
97	173	0.192222222		0.166666667		0.025555556
98	157	0.174444444		0.171111111		0.003333333
99	158	0.175555556		0.171111111		0.004444444
100	167	0.185555556		0.186666667		-0.001111111
101	180	0.2		0.153333333		0.046666667
102	162	0.18		0.158888889		0.021111111
103	172	0.191111111		0.178888889		0.012222222
104	157	0.174444444		0.158888889		0.015555556
105	166	0.184444444		0.143333333		0.041111111
106	141	0.156666667		0.144444444		0.012222222
107	179	0.198888889		0.164444444		0.034444444
108	168	0.186666667		0.16		0.026666667
109	153	0.17		0.143333333		0.026666667
110	183	0.203333333		0.134444444		0.068888889
111	162	0.18		0.166666667		0.013333333
112	154	0.171111111		0.123333333		0.047777778
113	158	0.175555556		0.12		0.055555556
114	158	0.175555556		0.138888889		0.036666667
115	142	0.157777778		0.117777778		0.04
116	175	0.194444444		0.136666667		0.057777778
117	155	0.172222222		0.117777778		0.054444444
118	153	0.17		0.118888889		0.051111111
119	150	0.166666667		0.107777778		0.058888889
120	147	0.163333333		0.117777778		0.045555556
121	146	0.162222222		0.098888889		0.063333333
122	123	0.136666667		0.097777778		0.038888889
123	123	0.136666667		0.088888889		0.047777778
124	123	0.136666667		0.087777778		0.048888889
125	97	0.107777778		0.083333333		0.024444444
126	105	0.116666667		0.075555556		0.041111111
127	88	0.097777778		0.08		0.017777778
128	87	0.096666667		0.096666667		0
129	88	0.097777778		0.082222222		0.015555556
130	71	0.078888889		0.062222222		0.016666667
131	71	0.078888889		0.071111111		0.007777778
132	62	0.068888889		0.068888889		0
133	70	0.077777778		0.087777778		-0.01
134	57	0.063333333		0.065555556		-0.002222222
135	51	0.056666667		0.056666667		0
136	64	0.071111111		0.07		0.001111111
137	54	0.06		0.061111111		-0.001111111
138	56	0.062222222		0.047777778		0.014444444
139	49	0.054444444		0.048888889		0.005555556
140	64	0.071111111		0.066666667		0.004444444
141	54	0.06		0.064444444		-0.004444444
142	49	0.054444444		0.047777778		0.006666667
143	40	0.044444444		0.047777778		-0.003333333
144	30	0.033333333		0.035555556		-0.002222222
145	40	0.044444444		0.041111111		0.003333333
146	49	0.054444444		0.054444444		0
147	39	0.043333333		0.053333333		-0.01
148	31	0.034444444		0.042222222		-0.007777778
149	28	0.031111111		0.043333333		-0.012222222
150	38	0.042222222		0.041111111		0.001111111
151	34	0.037777778		0.04		-0.002222222
152	29	0.032222222		0.038888889		-0.006666667
153	29	0.032222222		0.034444444		-0.002222222
154	34	0.037777778		0.035555556		0.002222222
155	33	0.036666667		0.04		-0.003333333
156	22	0.024444444		0.031111111		-0.006666667
157	26	0.028888889		0.032222222		-0.003333333
158	28	0.031111111		0.033333333		-0.002222222
159	27	0.03		0.036666667		-0.006666667
160	27	0.03		0.04		-0.01
161	25	0.027777778		0.031111111		-0.003333333
162	19	0.021111111		0.032222222		-0.011111111
163	29	0.032222222		0.032222222		0
164	21	0.023333333		0.02		0.003333333
165	23	0.025555556		0.026666667		-0.001111111
166	11	0.012222222		0.024444444		-0.012222222
167	26	0.028888889		0.026666667		0.002222222
168	26	0.028888889		0.02		0.008888889
169	25	0.027777778		0.023333333		0.004444444
170	22	0.024444444		0.022222222		0.002222222
171	21	0.023333333		0.024444444		-0.001111111
172	24	0.026666667		0.023333333		0.003333333
173	27	0.03		0.021111111		0.008888889
174	22	0.024444444		0.015555556		0.008888889
175	20	0.022222222		0.031111111		-0.008888889
176	19	0.021111111		0.018888889		0.002222222
177	19	0.021111111		0.017777778		0.003333333
178	18	0.02		0.023333333		-0.003333333
179	22	0.024444444		0.031111111		-0.006666667
180	21	0.023333333		0.022222222		0.001111111
181	19	0.021111111		0.03		-0.008888889
182	17	0.018888889		0.024444444		-0.005555556
183	15	0.016666667		0.022222222		-0.005555556
184	18	0.02		0.018888889		0.001111111
185	22	0.024444444		0.024444444		0
186	17	0.018888889		0.025555556		-0.006666667
187	19	0.021111111		0.023333333		-0.002222222
188	11	0.012222222		0.024444444		-0.012222222
189	23	0.025555556		0.024444444		0.001111111
190	19	0.021111111		0.021111111		0
191	15	0.016666667		0.014444444		0.002222222
192	14	0.015555556		0.015555556		0
193	20	0.022222222		0.017777778		0.004444444
194	20	0.022222222		0.021111111		0.001111111
195	16	0.017777778		0.023333333		-0.005555556
196	18	0.02		0.018888889		0.001111111
197	16	0.017777778		0.017777778		0
198	15	0.016666667		0.008888889		0.007777778
199	16	0.017777778		0.03		-0.012222222
200	11	0.012222222		0.021111111		-0.008888889
201	14	0.015555556		0.016666667		-0.001111111
202	13	0.014444444		0.013333333		0.001111111
203	20	0.022222222		0.016666667		0.005555556
204	13	0.014444444		0.017777778		-0.003333333
205	28	0.031111111		0.024444444		0.006666667
206	19	0.021111111		0.017777778		0.003333333
207	12	0.013333333		0.021111111		-0.007777778
208	12	0.013333333		0.02		-0.006666667
209	18	0.02		0.017777778		0.002222222
210	17	0.018888889		0.015555556		0.003333333
211	18	0.02		0.02		0
212	15	0.016666667		0.016666667		0
213	18	0.02		0.021111111		-0.001111111
214	19	0.021111111		0.01		0.011111111
215	13	0.014444444		0.02		-0.005555556
216	11	0.012222222		0.022222222		-0.01
217	23	0.025555556		0.017777778		0.007777778
218	16	0.017777778		0.014444444		0.003333333
219	20	0.022222222		0.015555556		0.006666667
220	17	0.018888889		0.01		0.008888889
221	15	0.016666667		0.021111111		-0.004444444
222	18	0.02		0.025555556		-0.005555556
223	20	0.022222222		0.011111111		0.011111111
224	19	0.021111111		0.021111111		0
225	23	0.025555556		0.02		0.005555556
226	27	0.03		0.012222222		0.017777778
227	15	0.016666667		0.016666667		0
228	25	0.027777778		0.008888889		0.018888889
229	21	0.023333333		0.022222222		0.001111111
230	20	0.022222222		0.014444444		0.007777778
231	21	0.023333333		0.015555556		0.007777778
232	16	0.017777778		0.016666667		0.001111111
233	20	0.022222222		0.022222222		0
234	15	0.016666667		0.008888889		0.007777778
235	15	0.016666667		0.008888889		0.007777778
236	18	0.02		0.017777778		0.002222222
237	28	0.031111111		0.015555556		0.015555556
238	32	0.035555556		0.014444444		0.021111111
239	30	0.033333333		0.018888889		0.014444444
240	20	0.022222222		0.013333333		0.008888889
241	24	0.026666667		0.015555556		0.011111111
242	27	0.03		0.012222222		0.017777778
243	30	0.033333333		0.016666667		0.016666667
244	30	0.033333333		0.018888889		0.014444444
245	27	0.03		0.016666667		0.013333333
246	16	0.017777778		0.008888889		0.008888889
247	34	0.037777778		0.011111111		0.026666667
248	22	0.024444444		0.007777778		0.016666667
249	17	0.018888889		0.024444444		-0.005555556
250	25	0.027777778		0.012222222		0.015555556
251	38	0.042222222		0.02		0.022222222
252	26	0.028888889		0.015555556		0.013333333
253	24	0.026666667		0.013333333		0.013333333
254	26	0.028888889		0.015555556		0.013333333
255	25	0.027777778		0.013333333		0.014444444
256	30	0.033333333		0.015555556		0.017777778
257	25	0.027777778		0.011111111		0.016666667
258	22	0.024444444		0.015555556		0.008888889
259	23	0.025555556		0.014444444		0.011111111
260	26	0.028888889		0.008888889		0.02
261	26	0.028888889		0.011111111		0.017777778
262	29	0.032222222		0.006666667		0.025555556
263	23	0.025555556		0.008888889		0.016666667
264	20	0.022222222		0.011111111		0.011111111
265	29	0.032222222		0.013333333		0.018888889
266	25	0.027777778		0.014444444		0.013333333
267	28	0.031111111		0.018888889		0.012222222
268	28	0.031111111		0.015555556		0.015555556
269	20	0.022222222		0.006666667		0.015555556
270	13	0.014444444		0.017777778		-0.003333333
271	33	0.036666667		0.017777778		0.018888889
272	17	0.018888889		0.017777778		0.001111111
273	25	0.027777778		0.016666667		0.011111111
274	16	0.017777778		0.012222222		0.005555556
275	24	0.026666667		0.011111111		0.015555556
276	11	0.012222222		0.023333333		-0.011111111
277	17	0.018888889		0.008888889		0.01
278	21	0.023333333		0.013333333		0.01
279	23	0.025555556		0.012222222		0.013333333
280	17	0.018888889		0.008888889		0.01
281	20	0.022222222		0.01		0.012222222
282	14	0.015555556		0.012222222		0.003333333
283	14	0.015555556		0.014444444		0.001111111
284	18	0.02		0.016666667		0.003333333
285	17	0.018888889		0.02		-0.001111111
286	21	0.023333333		0.017777778		0.005555556
287	20	0.022222222		0.014444444		0.007777778
288	20	0.022222222		0.018888889		0.003333333
289	17	0.018888889		0.007777778		0.011111111
290	17	0.018888889		0.017777778		0.001111111
291	14	0.015555556		0.015555556		0
292	18	0.02		0.011111111		0.008888889
293	22	0.024444444		0.012222222		0.012222222
294	15	0.016666667		0.005555556		0.011111111
295	17	0.018888889		0.012222222		0.006666667
296	16	0.017777778		0.006666667		0.011111111
297	17	0.018888889		0.008888889		0.01
298	15	0.016666667		0.016666667		0
299	18	0.02		0.01		0.01
300	23	0.025555556		0.012222222		0.013333333
301	18	0.02		0.011111111		0.008888889
302	12	0.013333333		0.014444444		-0.001111111
303	9	0.01		0.014444444		-0.004444444
304	9	0.01		0.015555556		-0.005555556
305	17	0.018888889		0.013333333		0.005555556
306	11	0.012222222		0.021111111		-0.008888889
307	16	0.017777778		0.016666667		0.001111111
308	11	0.012222222		0.013333333		-0.001111111
309	14	0.015555556		0.008888889		0.006666667
310	22	0.024444444		0.012222222		0.012222222
311	9	0.01		0.012222222		-0.002222222
312	12	0.013333333		0.011111111		0.002222222
313	8	0.008888889		0.007777778		0.001111111
314	20	0.022222222		0.007777778		0.014444444
315	9	0.01		0.014444444		-0.004444444
316	17	0.018888889		0.008888889		0.01
317	12	0.013333333		0.012222222		0.001111111
318	18	0.02		0.014444444		0.005555556
319	13	0.014444444		0.007777778		0.006666667
320	15	0.016666667		0.013333333		0.003333333
321	8	0.008888889		0.011111111		-0.002222222
322	10	0.011111111		0.013333333		-0.002222222
323	13	0.014444444		0.008888889		0.005555556
324	13	0.014444444		0.011111111		0.003333333
325	10	0.011111111		0.017777778		-0.006666667
326	14	0.015555556		0.014444444		0.001111111
327	13	0.014444444		0.013333333		0.001111111
328	13	0.014444444		0.013333333		0.001111111
329	10	0.011111111		0.018888889		-0.007777778
330	13	0.014444444		0.007777778		0.006666667
331	14	0.015555556		0.01		0.005555556
332	9	0.01		0.018888889		-0.008888889
333	8	0.008888889		0.011111111		-0.002222222
334	17	0.018888889		0.011111111		0.007777778
335	12	0.013333333		0.013333333		0
336	15	0.016666667		0.013333333		0.003333333
337	7	0.007777778		0.011111111		-0.003333333
338	10	0.011111111		0.018888889		-0.007777778
339	10	0.011111111		0.015555556		-0.004444444
340	10	0.011111111		0.014444444		-0.003333333
341	12	0.013333333		0.011111111		0.002222222
342	15	0.016666667		0.017777778		-0.001111111
343	11	0.012222222		0.014444444		-0.002222222
344	13	0.014444444		0.015555556		-0.001111111
345	13	0.014444444		0.011111111		0.003333333
346	11	0.012222222		0.015555556		-0.003333333
347	15	0.016666667		0.01		0.006666667
348	14	0.015555556		0.008888889		0.006666667
349	18	0.02		0.021111111		-0.001111111
350	9	0.01		0.013333333		-0.003333333
351	15	0.016666667		0.01		0.006666667
352	8	0.008888889		0.013333333		-0.004444444
353	10	0.011111111		0.014444444		-0.003333333
354	12	0.013333333		0.012222222		0.001111111
355	22	0.024444444		0.008888889		0.015555556
356	12	0.013333333		0.013333333		0
357	7	0.007777778		0.018888889		-0.011111111
358	12	0.013333333		0.011111111		0.002222222
359	12	0.013333333		0.01		0.003333333
360	11	0.012222222		0.014444444		-0.002222222
361	24	0.026666667		0.005555556		0.021111111
362	13	0.014444444		0.005555556		0.008888889
363	14	0.015555556		0.006666667		0.008888889
364	11	0.012222222		0.014444444		-0.002222222
365	15	0.016666667		0.007777778		0.008888889
366	9	0.01		0.011111111		-0.001111111
367	16	0.017777778		0.013333333		0.004444444
368	7	0.007777778		0.011111111		-0.003333333
369	14	0.015555556		0.021111111		-0.005555556
370	11	0.012222222		0.013333333		-0.001111111
371	23	0.025555556		0.018888889		0.006666667
372	27	0.03		0.013333333		0.016666667
373	20	0.022222222		0.006666667		0.015555556
374	16	0.017777778		0.018888889		-0.001111111
375	18	0.02		0.01		0.01
376	18	0.02		0.014444444		0.005555556
377	24	0.026666667		0.014444444		0.012222222
378	14	0.015555556		0.01		0.005555556
379	20	0.022222222		0.017777778		0.004444444
380	11	0.012222222		0.011111111		0.001111111
381	15	0.016666667		0.014444444		0.002222222
382	12	0.013333333		0.012222222		0.001111111
383	17	0.018888889		0.013333333		0.005555556
384	21	0.023333333		0.004444444		0.018888889
385	18	0.02		0.01		0.01
386	18	0.02		0.012222222		0.007777778
387	17	0.018888889		0.017777778		0.001111111
388	28	0.031111111		0.014444444		0.016666667
389	19	0.021111111		0.018888889		0.002222222
390	18	0.02		0.013333333		0.006666667
391	19	0.021111111		0.014444444		0.006666667
392	26	0.028888889		0.01		0.018888889
393	24	0.026666667		0.021111111		0.005555556
394	20	0.022222222		0.021111111		0.001111111
395	29	0.032222222		0.011111111		0.021111111
396	16	0.017777778		0.02		-0.002222222
397	23	0.025555556		0.017777778		0.007777778
398	26	0.028888889		0.014444444		0.014444444
399	27	0.03		0.012222222		0.017777778
400	33	0.036666667		0.011111111		0.025555556
401	37	0.041111111		0.022222222		0.018888889
402	30	0.033333333		0.017777778		0.015555556
403	34	0.037777778		0.01		0.027777778
404	25	0.027777778		0.014444444		0.013333333
405	26	0.028888889		0.013333333		0.015555556
406	25	0.027777778		0.007777778		0.02
407	37	0.041111111		0.012222222		0.028888889
408	24	0.026666667		0.007777778		0.018888889
409	39	0.043333333		0.017777778		0.025555556
410	34	0.037777778		0.013333333		0.024444444
411	39	0.043333333		0.012222222		0.031111111
412	32	0.035555556		0.015555556		0.02
413	48	0.053333333		0.018888889		0.034444444
414	42	0.046666667		0.003333333		0.043333333
415	45	0.05		0.01		0.04
416	44	0.048888889		0.012222222		0.036666667
417	40	0.044444444		0.013333333		0.031111111
418	41	0.045555556		0.012222222		0.033333333
419	46	0.051111111		0.005555556		0.045555556
420	48	0.053333333		0.008888889		0.044444444
421	55	0.061111111		0.015555556		0.045555556
422	46	0.051111111		0.013333333		0.037777778
423	43	0.047777778		0.012222222		0.035555556
424	55	0.061111111		0.012222222		0.048888889
425	56	0.062222222		0.01		0.052222222
426	54	0.06		0.01		0.05
427	66	0.073333333		0.015555556		0.057777778
428	60	0.066666667		0.016666667		0.05
429	66	0.073333333		0.013333333		0.06
430	62	0.068888889		0.02		0.048888889
431	65	0.072222222		0.015555556		0.056666667
432	78	0.086666667		0.007777778		0.078888889
433	84	0.093333333		0.013333333		0.08
434	59	0.065555556		0.011111111		0.054444444
435	72	0.08		0.017777778		0.062222222
436	91	0.101111111		0.013333333		0.087777778
437	93	0.103333333		0.018888889		0.084444444
438	76	0.084444444		0.008888889		0.075555556
439	75	0.083333333		0.01		0.073333333
440	80	0.088888889		0.013333333		0.075555556
441	82	0.091111111		0.012222222		0.078888889
442	84	0.093333333		0.01		0.083333333
443	98	0.108888889		0.008888889		0.1
444	101	0.112222222		0.008888889		0.103333333
445	95	0.105555556		0.017777778		0.087777778
446	94	0.104444444		0.01		0.094444444
447	99	0.11		0.012222222		0.097777778
448	97	0.107777778		0.013333333		0.094444444
449	100	0.111111111		0.007777778		0.103333333
450	111	0.123333333		0.016666667		0.106666667
451	94	0.104444444		0.014444444		0.09
452	118	0.131111111		0.006666667		0.124444444
453	99	0.11		0.007777778		0.102222222
454	99	0.11		0.011111111		0.098888889
455	109	0.121111111		0.016666667		0.104444444
456	94	0.104444444		0.013333333		0.091111111
457	114	0.126666667		0.012222222		0.114444444
458	117	0.13		0.006666667		0.123333333
459	131	0.145555556		0.015555556		0.13
460	120	0.133333333		0.021111111		0.112222222
461	133	0.147777778		0.017777778		0.13
462	135	0.15		0.014444444		0.135555556
463	117	0.13		0.004444444		0.125555556
464	115	0.127777778		0.011111111		0.116666667
465	113	0.125555556		0.006666667		0.118888889
466	134	0.148888889		0.012222222		0.136666667
467	118	0.131111111		0.011111111		0.12
468	123	0.136666667		0.015555556		0.121111111
469	119	0.132222222		0.016666667		0.115555556
470	130	0.144444444		0.016666667		0.127777778
471	141	0.156666667		0.013333333		0.143333333
472	125	0.138888889		0.01		0.128888889
473	123	0.136666667		0.014444444		0.122222222
474	122	0.135555556		0.015555556		0.12
475	118	0.131111111		0.014444444		0.116666667
476	128	0.142222222		0.011111111		0.131111111
477	110	0.122222222		0.011111111		0.111111111
478	131	0.145555556		0.02		0.125555556
479	119	0.132222222		0.007777778		0.124444444
480	132	0.146666667		0.008888889		0.137777778
481	121	0.134444444		0.014444444		0.12
482	144	0.16		0.01		0.15
483	133	0.147777778		0.014444444		0.133333333
484	123	0.136666667		0.008888889		0.127777778
485	143	0.158888889		0.01		0.148888889
486	130	0.144444444		0.006666667		0.137777778
487	143	0.158888889		0.008888889		0.15
488	163	0.181111111		0.01		0.171111111
489	131	0.145555556		0.011111111		0.134444444
490	129	0.143333333		0.015555556		0.127777778
491	132	0.146666667		0.005555556		0.141111111
492	137	0.152222222		0.013333333		0.138888889
493	117	0.13		0.011111111		0.118888889
494	126	0.14		0.007777778		0.132222222
495	119	0.132222222		0.016666667		0.115555556
496	124	0.137777778		0.011111111		0.126666667
497	123	0.136666667		0.008888889		0.127777778
498	123	0.136666667		0.012222222		0.124444444
499	117	0.13		0.014444444		0.115555556
500	111	0.123333333		0.008888889		0.114444444
501	123	0.136666667		0.011111111		0.125555556
502	132	0.146666667		0.011111111		0.135555556
503	124	0.137777778		0.013333333		0.124444444
504	115	0.127777778		0.012222222		0.115555556
505	109	0.121111111		0.005555556		0.115555556
506	98	0.108888889		0.007777778		0.101111111
507	102	0.113333333		0.014444444		0.098888889
508	116	0.128888889		0.01		0.118888889
509	88	0.097777778		0.01		0.087777778
510	116	0.128888889		0.008888889		0.12
511	100	0.111111111		0.007777778		0.103333333
512	88	0.097777778		0.007777778		0.09
513	120	0.133333333		0.01		0.123333333
514	96	0.106666667		0.014444444		0.092222222
515	83	0.092222222		0.011111111		0.081111111
516	93	0.103333333		0.011111111		0.092222222
517	74	0.082222222		0.01		0.072222222
518	82	0.091111111		0.018888889		0.072222222
519	95	0.105555556		0.004444444		0.101111111
520	91	0.101111111		0.01		0.091111111
521	114	0.126666667		0.008888889		0.117777778
522	79	0.087777778		0.011111111		0.076666667
523	85	0.094444444		0.014444444		0.08
524	76	0.084444444		0.006666667		0.077777778
525	76	0.084444444		0.005555556		0.078888889
526	68	0.075555556		0.007777778		0.067777778
527	78	0.086666667		0.006666667		0.08
528	70	0.077777778		0.002222222		0.075555556
529	87	0.096666667		0.008888889		0.087777778
530	78	0.086666667		0.008888889		0.077777778
531	89	0.098888889		0.008888889		0.09
532	71	0.078888889		0.012222222		0.066666667
533	62	0.068888889		0.013333333		0.055555556
534	70	0.077777778		0.006666667		0.071111111
535	66	0.073333333		0.011111111		0.062222222
536	71	0.078888889		0.008888889		0.07
537	66	0.073333333		0.005555556		0.067777778
538	67	0.074444444		0.007777778		0.066666667
539	54	0.06		0.005555556		0.054444444
540	60	0.066666667		0.007777778		0.058888889
541	52	0.057777778		0.012222222		0.045555556
542	47	0.052222222		0.006666667		0.045555556
543	51	0.056666667		0.011111111		0.045555556
544	42	0.046666667		0.006666667		0.04
545	56	0.062222222		0.013333333		0.048888889
546	72	0.08		0.01		0.07
547	39	0.043333333		0.012222222		0.031111111
548	50	0.055555556		0.011111111		0.044444444
549	50	0.055555556		0.01		0.045555556
550	68	0.075555556		0.01		0.065555556
551	40	0.044444444		0.008888889		0.035555556
552	41	0.045555556		0.01		0.035555556
553	37	0.041111111		0.01		0.031111111
554	46	0.051111111		0.014444444		0.036666667
555	49	0.054444444		0.008888889		0.045555556
556	46	0.051111111		0.011111111		0.04
557	47	0.052222222		0.011111111		0.041111111
558	62	0.068888889		0.007777778		0.061111111
559	44	0.048888889		0.01		0.038888889
560	47	0.052222222		0.011111111		0.041111111
561	50	0.055555556		0.008888889		0.046666667
562	45	0.05		0.013333333		0.036666667
563	34	0.037777778		0.01		0.027777778
564	37	0.041111111		0.007777778		0.033333333
565	27	0.03		0.012222222		0.017777778
566	35	0.038888889		0.006666667		0.032222222
567	43	0.047777778		0.013333333		0.034444444
568	33	0.036666667		0.013333333		0.023333333
569	39	0.043333333		0.004444444		0.038888889
570	35	0.038888889		0.012222222		0.026666667
571	43	0.047777778		0.014444444		0.033333333
572	41	0.045555556		0.014444444		0.031111111
573	44	0.048888889		0.006666667		0.042222222
574	26	0.028888889		0.007777778		0.021111111
575	23	0.025555556		0.012222222		0.013333333
576	28	0.031111111		0.005555556		0.025555556
577	45	0.05		0.006666667		0.043333333
578	44	0.048888889		0.007777778		0.041111111
579	23	0.025555556		0.004444444		0.021111111
580	37	0.041111111		0.014444444		0.026666667
581	28	0.031111111		0.008888889		0.022222222
582	33	0.036666667		0.015555556		0.021111111
583	20	0.022222222		0.014444444		0.007777778
584	30	0.033333333		0.008888889		0.024444444
585	36	0.04		0.008888889		0.031111111
586	33	0.036666667		0.013333333		0.023333333
587	34	0.037777778		0.01		0.027777778
588	30	0.033333333		0.008888889		0.024444444
589	35	0.038888889		0.006666667		0.032222222
590	26	0.028888889		0.004444444		0.024444444
591	20	0.022222222		0.012222222		0.01
592	33	0.036666667		0.005555556		0.031111111
593	25	0.027777778		0.013333333		0.014444444
594	26	0.028888889		0.008888889		0.02
595	22	0.024444444		0.008888889		0.015555556
596	23	0.025555556		0.006666667		0.018888889
597	13	0.014444444		0.011111111		0.003333333
598	26	0.028888889		0.007777778		0.021111111
599	19	0.021111111		0.013333333		0.007777778
600	25	0.027777778		0.005555556		0.022222222
601	18	0.02		0.01		0.01
602	17	0.018888889		0.002222222		0.016666667
603	21	0.023333333		0.01		0.013333333
604	25	0.027777778		0.013333333		0.014444444
605	13	0.014444444		0.01		0.004444444
606	17	0.018888889		0.002222222		0.016666667
607	18	0.02		0.01		0.01
608	14	0.015555556		0.007777778		0.007777778
609	13	0.014444444		0.011111111		0.003333333
610	20	0.022222222		0.005555556		0.016666667
611	11	0.012222222		0.012222222		0
612	16	0.017777778		0.01		0.007777778
613	15	0.016666667		0.006666667		0.01
614	19	0.021111111		0.013333333		0.007777778
615	15	0.016666667		0.007777778		0.008888889
616	13	0.014444444		0.01		0.004444444
617	20	0.022222222		0.011111111		0.011111111
618	11	0.012222222		0.011111111		0.001111111
619	13	0.014444444		0.013333333		0.001111111
620	13	0.014444444		0.007777778		0.006666667
621	12	0.013333333		0.006666667		0.006666667
622	13	0.014444444		0.011111111		0.003333333
623	15	0.016666667		0.008888889		0.007777778
624	25	0.027777778		0.006666667		0.021111111
625	20	0.022222222		0.012222222		0.01
626	20	0.022222222		0.007777778		0.014444444
627	12	0.013333333		0.007777778		0.005555556
628	12	0.013333333		0.008888889		0.004444444
629	22	0.024444444		0.01		0.014444444
630	10	0.011111111		0.01		0.001111111
631	19	0.021111111		0.004444444		0.016666667
632	13	0.014444444		0.006666667		0.007777778
633	15	0.016666667		0.008888889		0.007777778
634	11	0.012222222		0.011111111		0.001111111
635	10	0.011111111		0.013333333		-0.002222222
636	19	0.021111111		0.012222222		0.008888889
637	15	0.016666667		0.005555556		0.011111111
638	9	0.01		0.006666667		0.003333333
639	8	0.008888889		0.002222222		0.006666667
640	21	0.023333333		0.008888889		0.014444444
641	9	0.01		0.005555556		0.004444444
642	17	0.018888889		0.008888889		0.01
643	16	0.017777778		0.012222222		0.005555556
644	10	0.011111111		0.008888889		0.002222222
645	16	0.017777778		0.01		0.007777778
646	9	0.01		0.013333333		-0.003333333
647	13	0.014444444		0.012222222		0.002222222
648	3	0.003333333		0.005555556		-0.002222222
649	9	0.01		0.007777778		0.002222222
650	17	0.018888889		0.006666667		0.012222222
651	8	0.008888889		0.007777778		0.001111111
652	15	0.016666667		0.011111111		0.005555556
653	10	0.011111111		0.016666667		-0.005555556
654	13	0.014444444		0.01		0.004444444
655	11	0.012222222		0.015555556		-0.003333333
656	15	0.016666667		0.007777778		0.008888889
657	7	0.007777778		0.011111111		-0.003333333
658	14	0.015555556		0.007777778		0.007777778
659	8	0.008888889		0.015555556		-0.006666667
660	12	0.013333333		0.016666667		-0.003333333
661	13	0.014444444		0.008888889		0.005555556
662	15	0.016666667		0.01		0.006666667
663	9	0.01		0.011111111		-0.001111111
664	10	0.011111111		0.016666667		-0.005555556
665	13	0.014444444		0.014444444		0
666	12	0.013333333		0.006666667		0.006666667
667	6	0.006666667		0.006666667		0
668	12	0.013333333		0.006666667		0.006666667
669	12	0.013333333		0.007777778		0.005555556
670	11	0.012222222		0.006666667		0.005555556
671	12	0.013333333		0.007777778		0.005555556
672	10	0.011111111		0.013333333		-0.002222222
673	11	0.012222222		0.005555556		0.006666667
674	9	0.01		0.011111111		-0.001111111
675	6	0.006666667		0.008888889		-0.002222222
676	18	0.02		0.008888889		0.011111111
677	8	0.008888889		0.006666667		0.002222222
678	15	0.016666667		0.013333333		0.003333333
679	12	0.013333333		0.007777778		0.005555556
680	8	0.008888889		0.005555556		0.003333333
681	6	0.006666667		0.012222222		-0.005555556
682	9	0.01		0.008888889		0.001111111
683	8	0.008888889		0.007777778		0.001111111
684	11	0.012222222		0.011111111		0.001111111
685	10	0.011111111		0.004444444		0.006666667
686	6	0.006666667		0.007777778		-0.001111111
687	14	0.015555556		0.011111111		0.004444444
688	11	0.012222222		0.008888889		0.003333333
689	8	0.008888889		0.003333333		0.005555556
690	4	0.004444444		0.011111111		-0.006666667
691	16	0.017777778		0.007777778		0.01
692	11	0.012222222		0.013333333		-0.001111111
693	9	0.01		0.008888889		0.001111111
694	5	0.005555556		0.011111111		-0.005555556
695	10	0.011111111		0.008888889		0.002222222
696	6	0.006666667		0.007777778		-0.001111111
697	20	0.022222222		0.012222222		0.01
698	13	0.014444444		0.011111111		0.003333333
699	15	0.016666667		0.011111111		0.005555556
700	12	0.013333333		0.012222222		0.001111111
701	10	0.011111111		0.005555556		0.005555556
702	13	0.014444444		0.006666667		0.007777778
703	13	0.014444444		0.008888889		0.005555556
704	9	0.01		0.008888889		0.001111111
705	11	0.012222222		0.011111111		0.001111111
706	14	0.015555556		0.013333333		0.002222222
707	7	0.007777778		0.005555556		0.002222222
708	14	0.015555556		0.006666667		0.008888889
709	13	0.014444444		0.006666667		0.007777778
710	13	0.014444444		0.007777778		0.006666667
711	7	0.007777778		0.006666667		0.001111111
712	9	0.01		0.005555556		0.004444444
713	8	0.008888889		0.008888889		0
714	11	0.012222222		0.004444444		0.007777778
715	6	0.006666667		0.007777778		-0.001111111
716	11	0.012222222		0.012222222		0
717	9	0.01		0.003333333		0.006666667
718	10	0.011111111		0.006666667		0.004444444
719	6	0.006666667		0.013333333		-0.006666667
720	8	0.008888889		0.013333333		-0.004444444
721	3	0.003333333		0.006666667		-0.003333333
722	8	0.008888889		0.007777778		0.001111111
723	9	0.01		0.012222222		-0.002222222
724	12	0.013333333		0.005555556		0.007777778
725	8	0.008888889		0.005555556		0.003333333
726	12	0.013333333		0.012222222		0.001111111
727	10	0.011111111		0.011111111		0
728	13	0.014444444		0.006666667		0.007777778
729	9	0.01		0.006666667		0.003333333
730	10	0.011111111		0.014444444		-0.003333333
731	5	0.005555556		0.005555556		0
732	7	0.007777778		0.004444444		0.003333333
733	8	0.008888889		0.01		-0.001111111
734	11	0.012222222		0.005555556		0.006666667
735	3	0.003333333		0.005555556		-0.002222222
736	8	0.008888889		0.006666667		0.002222222
737	7	0.007777778		0.006666667		0.001111111
738	6	0.006666667		0.006666667		0
739	13	0.014444444		0.008888889		0.005555556
740	5	0.005555556		0.011111111		-0.005555556
741	5	0.005555556		0.01		-0.004444444
742	8	0.008888889		0.004444444		0.004444444
743	4	0.004444444		0.008888889		-0.004444444
744	4	0.004444444		0.005555556		-0.001111111
745	10	0.011111111		0.008888889		0.002222222
746	6	0.006666667		0.006666667		0
747	8	0.008888889		0.007777778		0.001111111
748	3	0.003333333		0.007777778		-0.004444444
749	5	0.005555556		0.01		-0.004444444
750	8	0.008888889		0.007777778		0.001111111
751	12	0.013333333		0.007777778		0.005555556
752	3	0.003333333		0.008888889		-0.005555556
753	6	0.006666667		0.005555556		0.001111111
754	7	0.007777778		0.003333333		0.004444444
755	9	0.01		0.007777778		0.002222222
756	5	0.005555556		0.005555556		0
757	7	0.007777778		0.005555556		0.002222222
758	11	0.012222222		0.012222222		0
759	7	0.007777778		0.01		-0.002222222
760	5	0.005555556		0.011111111		-0.005555556
761	7	0.007777778		0.008888889		-0.001111111
762	9	0.01		0.011111111		-0.001111111
763	3	0.003333333		0.005555556		-0.002222222
764	8	0.008888889		0.007777778		0.001111111
765	5	0.005555556		0.005555556		0
766	6	0.006666667		0.015555556		-0.008888889
767	8	0.008888889		0.006666667		0.002222222
768	2	0.002222222		0.006666667		-0.004444444
769	8	0.008888889		0.006666667		0.002222222
770	3	0.003333333		0.011111111		-0.007777778
771	9	0.01		0.008888889		0.001111111
772	8	0.008888889		0.008888889		0
773	10	0.011111111		0.004444444		0.006666667
774	5	0.005555556		0.007777778		-0.002222222
775	4	0.004444444		0.008888889		-0.004444444
776	5	0.005555556		0.006666667		-0.001111111
777	3	0.003333333		0.004444444		-0.001111111
778	8	0.008888889		0.01		-0.001111111
779	8	0.008888889		0.003333333		0.005555556
780	5	0.005555556		0.007777778		-0.002222222
781	11	0.012222222		0.004444444		0.007777778
782	10	0.011111111		0.006666667		0.004444444
783	4	0.004444444		0.005555556		-0.001111111
784	3	0.003333333		0.007777778		-0.004444444
785	4	0.004444444		0.01		-0.005555556
786	8	0.008888889		0.011111111		-0.002222222
787	9	0.01		0.004444444		0.005555556
788	6	0.006666667		0.003333333		0.003333333
789	2	0.002222222		0.004444444		-0.002222222
790	3	0.003333333		0.012222222		-0.008888889
791	7	0.007777778		0.006666667		0.001111111
792	8	0.008888889		0.005555556		0.003333333
793	7	0.007777778		0.007777778		0
794	7	0.007777778		0.007777778		0
795	6	0.006666667		0.006666667		0
796	4	0.004444444		0.007777778		-0.003333333
797	4	0.004444444		0.011111111		-0.006666667
798	9	0.01		0.005555556		0.004444444
799	5	0.005555556		0.002222222		0.003333333
800	8	0.008888889		0.008888889		0
801	4	0.004444444		0.007777778		-0.003333333
802	6	0.006666667		0.008888889		-0.002222222
803	6	0.006666667		0.007777778		-0.001111111
804	5	0.005555556		0.008888889		-0.003333333
805	4	0.004444444		0.01		-0.005555556
806	2	0.002222222		0.005555556		-0.003333333
807	8	0.008888889		0.013333333		-0.004444444
808	4	0.004444444		0.005555556		-0.001111111
809	5	0.005555556		0.003333333		0.002222222
810	2	0.002222222		0.003333333		-0.001111111
811	4	0.004444444		0.006666667		-0.002222222
812	2	0.002222222		0.001111111		0.001111111
813	5	0.005555556		0.008888889		-0.003333333
814	4	0.004444444		0.004444444		0
815	6	0.006666667		0.006666667		0
816	8	0.008888889		0.007777778		0.001111111
817	3	0.003333333		0.008888889		-0.005555556
818	9	0.01		0.006666667		0.003333333
819	5	0.005555556		0.005555556		0
820	4	0.004444444		0.005555556		-0.001111111
821	3	0.003333333		0.007777778		-0.004444444
822	4	0.004444444		0.003333333		0.001111111
823	3	0.003333333		0.007777778		-0.004444444
824	4	0.004444444		0.011111111		-0.006666667
825	2	0.002222222		0.005555556		-0.003333333
826	4	0.004444444		0.006666667		-0.002222222
827	4	0.004444444		0.005555556		-0.001111111
828	6	0.006666667		0.004444444		0.002222222
829	3	0.003333333		0.004444444		-0.001111111
830	3	0.003333333		0.006666667		-0.003333333
831	4	0.004444444		0.01		-0.005555556
832	4	0.004444444		0.006666667		-0.002222222
833	3	0.003333333		0.004444444		-0.001111111
834	9	0.01		0.01		0
835	4	0.004444444		0.013333333		-0.008888889
836	3	0.003333333		0.006666667		-0.003333333
837	4	0.004444444		0.005555556		-0.001111111
838	3	0.003333333		0.003333333		0
839	7	0.007777778		0.005555556		0.002222222
840	6	0.006666667		0.005555556		0.001111111
841	3	0.003333333		0.007777778		-0.004444444
842	1	0.001111111		0.005555556		-0.004444444
843	1	0.001111111		0.004444444		-0.003333333
844	7	0.007777778		0.003333333		0.004444444
845	3	0.003333333		0.004444444		-0.001111111
846	0	0		0.003333333		-0.003333333
847	2	0.002222222		0.008888889		-0.006666667
848	2	0.002222222		0.01		-0.007777778
849	2	0.002222222		0.005555556		-0.003333333
850	2	0.002222222		0.004444444		-0.002222222
851	2	0.002222222		0.004444444		-0.002222222
852	4	0.004444444		0.002222222		0.002222222
853	3	0.003333333		0.005555556		-0.002222222
854	6	0.006666667		0.001111111		0.005555556
855	6	0.006666667		0.005555556		0.001111111
856	3	0.003333333		0.008888889		-0.005555556
857	3	0.003333333		0.006666667		-0.003333333
858	3	0.003333333		0.001111111		0.002222222
859	2	0.002222222		0.008888889		-0.006666667
860	4	0.004444444		0.006666667		-0.002222222
861	2	0.002222222		0.008888889		-0.006666667
862	4	0.004444444		0.006666667		-0.002222222
863	2	0.002222222		0.005555556		-0.003333333
864	3	0.003333333		0.003333333		0
865	5	0.005555556		0.001111111		0.004444444
866	1	0.001111111		0.004444444		-0.003333333
867	2	0.002222222		0.003333333		-0.001111111
868	8	0.008888889		0.01		-0.001111111
869	3	0.003333333		0.003333333		0
870	3	0.003333333		0.007777778		-0.004444444
871	6	0.006666667		0.001111111		0.005555556
872	3	0.003333333		0.005555556		-0.002222222
873	0	0		0.002222222		-0.002222222
874	3	0.003333333		0.002222222		0.001111111
875	4	0.004444444		0.004444444		0
876	3	0.003333333		0.005555556		-0.002222222
877	1	0.001111111		0.004444444		-0.003333333
878	0	0		0.008888889		-0.008888889
879	3	0.003333333		0.007777778		-0.004444444
880	2	0.002222222		0.002222222		0
881	1	0.001111111		0.002222222		-0.001111111
882	1	0.001111111		0.004444444		-0.003333333
883	0	0		0.004444444		-0.004444444
884	1	0.001111111		0.002222222		-0.001111111
885	2	0.002222222		0.002222222		0
886	4	0.004444444		0.004444444		0
887	2	0.002222222		0.008888889		-0.006666667
888	1	0.001111111		0.003333333		-0.002222222
889	5	0.005555556		0.005555556		0
890	2	0.002222222		0.001111111		0.001111111
891	3	0.003333333		0.005555556		-0.002222222
892	1	0.001111111		0.005555556		-0.004444444
893	3	0.003333333		0.003333333		0
894	3	0.003333333		0.002222222		0.001111111
895	1	0.001111111		0.011111111		-0.01
896	1	0.001111111		0.002222222		-0.001111111
897	7	0.007777778		0.002222222		0.005555556
898	1	0.001111111		0.005555556		-0.004444444
899	2	0.002222222		0.006666667		-0.004444444
900	2	0.002222222		0.008888889		-0.006666667
901	3	0.003333333		0.006666667		-0.003333333
902	2	0.002222222		0.003333333		-0.001111111
903	2	0.002222222		0.004444444		-0.002222222
904	5	0.005555556		0.005555556		0
905	2	0.002222222		0.005555556		-0.003333333
906	3	0.003333333		0.003333333		0
907	3	0.003333333		0.003333333		0
908	2	0.002222222		0.002222222		0
909	1	0.001111111		0.003333333		-0.002222222
910	3	0.003333333		0.004444444		-0.001111111
911	2	0.002222222		0.001111111		0.001111111
912	3	0.003333333		0.004444444		-0.001111111
913	1	0.001111111		0.003333333		-0.002222222
914	2	0.002222222		0.001111111		0.001111111
915	2	0.002222222		0		0.002222222
916	6	0.006666667		0.005555556		0.001111111
917	3	0.003333333		0.004444444		-0.001111111
918	1	0.001111111		0.004444444		-0.003333333
919	1	0.001111111		0.006666667		-0.005555556
920	4	0.004444444		0.003333333		0.001111111
921	2	0.002222222		0.002222222		0
922	0	0		0.004444444		-0.004444444
923	1	0.001111111		0.005555556		-0.004444444
924	1	0.001111111		0.002222222		-0.001111111
925	3	0.003333333		0.003333333		0
926	2	0.002222222		0.003333333		-0.001111111
927	0	0		0.006666667		-0.006666667
928	2	0.002222222		0.004444444		-0.002222222
929	1	0.001111111		0.004444444		-0.003333333
930	1	0.001111111		0.002222222		-0.001111111
931	0	0		0.004444444		-0.004444444
932	2	0.002222222		0.003333333		-0.001111111
933	3	0.003333333		0.005555556		-0.002222222
934	1	0.001111111		0.003333333		-0.002222222
935	5	0.005555556		0.005555556		0
936	4	0.004444444		0.005555556		-0.001111111
937	2	0.002222222		0.005555556		-0.003333333
938	3	0.003333333		0.008888889		-0.005555556
939	2	0.002222222		0.003333333		-0.001111111
940	2	0.002222222		0.005555556		-0.003333333
941	6	0.006666667		0.003333333		0.003333333
942	3	0.003333333		0.005555556		-0.002222222
943	1	0.001111111		0.004444444		-0.003333333
944	2	0.002222222		0.001111111		0.001111111
945	1	0.001111111		0.003333333		-0.002222222
946	2	0.002222222		0.004444444		-0.002222222
947	2	0.002222222		0.004444444		-0.002222222
948	0	0		0.002222222		-0.002222222
949	3	0.003333333		0.006666667		-0.003333333
950	3	0.003333333		0.006666667		-0.003333333
951	3	0.003333333		0.003333333		0
952	3	0.003333333		0.002222222		0.001111111
953	2	0.002222222		0.005555556		-0.003333333
954	4	0.004444444		0.006666667		-0.002222222
955	1	0.001111111		0.001111111		0
956	2	0.002222222		0.004444444		-0.002222222
957	3	0.003333333		0.005555556		-0.002222222
958	1	0.001111111		0.001111111		0
959	4	0.004444444		0.005555556		-0.001111111
960	2	0.002222222		0.004444444		-0.002222222
961	4	0.004444444		0.003333333		0.001111111
962	0	0		0.003333333		-0.003333333
963	4	0.004444444		0.003333333		0.001111111
964	1	0.001111111		0.004444444		-0.003333333
965	0	0		0.004444444		-0.004444444
966	1	0.001111111		0.004444444		-0.003333333
967	3	0.003333333		0.002222222		0.001111111
968	1	0.001111111		0.001111111		0
969	0	0		0.002222222		-0.002222222
970	1	0.001111111		0.005555556		-0.004444444
971	3	0.003333333		0.002222222		0.001111111
972	4	0.004444444		0		0.004444444
973	1	0.001111111		0.008888889		-0.007777778
974	2	0.002222222		0.003333333		-0.001111111
975	1	0.001111111		0.002222222		-0.001111111
976	0	0		0.008888889		-0.008888889
977	0	0		0.005555556		-0.005555556
978	2	0.002222222		0.003333333		-0.001111111
979	2	0.002222222		0.002222222		0
980	3	0.003333333		0.003333333		0
981	4	0.004444444		0.005555556		-0.001111111
982	1	0.001111111		0.004444444		-0.003333333
983	2	0.002222222		0.004444444		-0.002222222
984	0	0		0.006666667		-0.006666667
985	4	0.004444444		0.004444444		0
986	2	0.002222222		0.002222222		0
987	1	0.001111111		0.003333333		-0.002222222
988	1	0.001111111		0.002222222		-0.001111111
989	3	0.003333333		0.003333333		0
990	0	0		0.003333333		-0.003333333
991	3	0.003333333		0.002222222		0.001111111
992	0	0		0.003333333		-0.003333333
993	0	0		0		0
994	0	0		0		0
995	0	0		0		0
996	0	0		0		0
997	0	0		0		0
998	0	0		0		0
999	0	0		0		0
1000	0	0		0		0
1001	0	0		0		0
1002	0	0		0		0
1003	0	0		0		0
1004	0	0		0		0
1005	0	0		0		0
1006	0	0		0		0
1007	0	0		0		0
1008	0	0		0		0
1009	0	0		0		0
1010	0	0		0		0
1011	0	0		0		0
1012	0	0		0		0
1013	0	0		0		0
1014	0	0		0		0
1015	0	0		0		0
1016	0	0		0		0
1017	0	0		0		0
1018	0	0		0		0
1019	0	0		0		0
1020	0	0		0		0
1021	0	0		0		0
1022	0	0		0		0
1023	0	0		0		0
1024	0	0		0		0