1	0	0		0	0		0	0
2	0	0		0	0		0	0
3	0	0		0	0		0	0
4	0	0		0	0		0	0
5	0	0		0	0		0	0
6	0	0		0	0		0	0
7	0	0		0	0		0	0
8	0	0		0	0		0	0
9	0	0		0	0		0	0
10	0	0		0	0		0	0
11	0	0		0	0		0	0
12	0	0		0	0		0	0
13	0	0		0	0		0	0
14	0	0		0	0		0	0
15	0	0		0	0		0	0
16	0	0		0	0		0	0
17	0	0		0	0		0	0
18	0	0		0	0		0	0
19	0	0		0	0		0	0
20	0	0		0	0		0	0
21	0	0		0	0		0	0
22	0	0		0	0		0	0
23	0	0		0	0		0	0
24	0	0		0	0		0	0
25	0	0		0	0		0	0
26	0	0		0	0		0	0
27	0	0		0	0		0	0
28	0	0		0	0		0	0
29	0	0		0	0		0	0
30	218	0.605555556		250	0.694444444		-0.088888889	0.060092521
31	1851	5.141666667		2281	6.336111111		-1.194444444	0.178557319
32	1982	5.505555556		2334	6.483333333		-0.977777778	0.182489641
33	1752	4.866666667		2161	6.002777778		-1.136111111	0.173761046
34	1691	4.697222222		1898	5.272222222		-0.575	0.166411842
35	1612	4.477777778		1847	5.130555556		-0.652777778	0.163370177
36	1527	4.241666667		1709	4.747222222		-0.505555556	0.158016252
37	1445	4.013888889		1566	4.35		-0.336111111	0.152423832
38	1462	4.061111111		1556	4.322222222		-0.261111111	0.152600908
39	1378	3.827777778		1426	3.961111111		-0.133333333	0.147091137
40	1269	3.525		1386	3.85		-0.325	0.1431297
41	1178	3.272222222		1278	3.55		-0.277777778	0.137661241
42	1160	3.222222222		1303	3.619444444		-0.397222222	0.13785728
43	1103	3.063888889		1252	3.477777778		-0.413888889	0.134800951
44	1077	2.991666667		1234	3.427777778		-0.436111111	0.133535726
45	1073	2.980555556		1139	3.163888889		-0.183333333	0.130644178
46	964	2.677777778		1129	3.136111111		-0.458333333	0.127081436
47	954	2.65		1089	3.025		-0.375	0.125554326
48	946	2.627777778		977	2.713888889		-0.086111111	0.121811177
49	879	2.441666667		985	2.736111111		-0.294444444	0.119927962
50	885	2.458333333		920	2.555555556		-0.097222222	0.118014699
51	798	2.216666667		944	2.622222222		-0.405555556	0.115936871
52	811	2.252777778		896	2.488888889		-0.236111111	0.114766268
53	762	2.116666667		832	2.311111111		-0.194444444	0.110902582
54	736	2.044444444		805	2.236111111		-0.191666667	0.109043258
55	744	2.066666667		810	2.25		-0.183333333	0.109502241
56	725	2.013888889		696	1.933333333		0.080555556	0.104711538
57	651	1.808333333		740	2.055555556		-0.247222222	0.103600312
58	668	1.855555556		698	1.938888889		-0.083333333	0.102665103
59	686	1.905555556		686	1.905555556		0	0.102890329
60	628	1.744444444		670	1.861111111		-0.116666667	0.100077131
61	589	1.636111111		638	1.772222222		-0.136111111	0.097301555
62	559	1.552777778		615	1.708333333		-0.155555556	0.095176898
63	615	1.708333333		610	1.694444444		0.013888889	0.097222222
64	568	1.577777778		622	1.727777778		-0.15	0.095823268
65	585	1.625		566	1.572222222		0.052777778	0.094239975
66	510	1.416666667		588	1.633333333		-0.216666667	0.092044675
67	524	1.455555556		524	1.455555556		0	0.089924523
68	477	1.325		536	1.488888889		-0.163888889	0.088410169
69	477	1.325		516	1.433333333		-0.108333333	0.087533063
70	417	1.158333333		474	1.316666667		-0.158333333	0.08291562
71	469	1.302777778		466	1.294444444		0.008333333	0.084938249
72	427	1.186111111		466	1.294444444		-0.108333333	0.083008627
73	468	1.3		440	1.222222222		0.077777778	0.083702884
74	438	1.216666667		432	1.2		0.016666667	0.081932673
75	409	1.136111111		387	1.075		0.061111111	0.078370755
76	419	1.163888889		399	1.108333333		0.055555556	0.079446387
77	389	1.080555556		403	1.119444444		-0.038888889	0.078173596
78	380	1.055555556		382	1.061111111		-0.005555556	0.076678743
79	341	0.947222222		396	1.1		-0.152777778	0.0754104
80	384	1.066666667		385	1.069444444		-0.002777778	0.077030137
81	355	0.986111111		364	1.011111111		-0.025	0.07448382
82	385	1.069444444		348	0.966666667		0.102777778	0.07520548
83	319	0.886111111		341	0.947222222		-0.061111111	0.071362403
84	319	0.886111111		325	0.902777778		-0.016666667	0.070492097
85	293	0.813888889		302	0.838888889		-0.025	0.067757283
86	301	0.836111111		331	0.919444444		-0.083333333	0.06983225
87	322	0.894444444		283	0.786111111		0.108333333	0.068324299
88	290	0.805555556		305	0.847222222		-0.041666667	0.067757283
89	336	0.933333333		321	0.891666667		0.041666667	0.071200031
90	320	0.888888889		251	0.697222222		0.191666667	0.066376684
91	264	0.733333333		276	0.766666667		-0.033333333	0.064549722
92	304	0.844444444		281	0.780555556		0.063888889	0.067185481
93	260	0.722222222		263	0.730555556		-0.008333333	0.063525537
94	282	0.783333333		279	0.775		0.008333333	0.065792885
95	291	0.808333333		265	0.736111111		0.072222222	0.065499034
96	268	0.744444444		272	0.755555556		-0.011111111	0.064549722
97	295	0.819444444		271	0.752777778		0.066666667	0.066085429
98	247	0.686111111		214	0.594444444		0.091666667	0.059641418
99	237	0.658333333		243	0.675		-0.016666667	0.060858062
100	270	0.75		266	0.738888889		0.011111111	0.064310205
101	254	0.705555556		233	0.647222222		0.058333333	0.061300212
102	247	0.686111111		226	0.627777778		0.058333333	0.060412675
103	229	0.636111111		192	0.533333333		0.102777778	0.056995235
104	244	0.677777778		184	0.511111111		0.166666667	0.057467114
105	233	0.647222222		214	0.594444444		0.052777778	0.058728818
106	233	0.647222222		178	0.494444444		0.152777778	0.056314264
107	251	0.697222222		194	0.538888889		0.158333333	0.058597286
108	243	0.675		202	0.561111111		0.113888889	0.058597286
109	212	0.588888889		188	0.522222222		0.066666667	0.055555556
110	238	0.661111111		192	0.533333333		0.127777778	0.057601226
111	209	0.580555556		174	0.483333333		0.097222222	0.054362183
112	198	0.55		188	0.522222222		0.027777778	0.054574674
113	200	0.555555556		164	0.455555556		0.1	0.052996622
114	257	0.713888889		169	0.469444444		0.244444444	0.057332687
115	216	0.6		140	0.388888889		0.211111111	0.052411006
116	203	0.563888889		134	0.372222222		0.191666667	0.050993222
117	237	0.658333333		167	0.463888889		0.194444444	0.055832642
118	219	0.608333333		160	0.444444444		0.163888889	0.054077562
119	212	0.588888889		157	0.436111111		0.152777778	0.053359369
120	205	0.569444444		154	0.427777778		0.141666667	0.052631376
121	221	0.613888889		151	0.419444444		0.194444444	0.053575838
122	226	0.627777778		143	0.397222222		0.230555556	0.053359369
123	229	0.636111111		124	0.344444444		0.291666667	0.052189706
124	192	0.533333333		151	0.419444444		0.113888889	0.051445164
125	192	0.533333333		152	0.422222222		0.111111111	0.051520103
126	178	0.494444444		126	0.35		0.144444444	0.04843221
127	200	0.555555556		125	0.347222222		0.208333333	0.050077101
128	206	0.572222222		133	0.369444444		0.202777778	0.051144313
129	237	0.658333333		117	0.325		0.333333333	0.052263577
130	192	0.533333333		117	0.325		0.208333333	0.048828877
131	192	0.533333333		128	0.355555556		0.177777778	0.049690399
132	218	0.605555556		125	0.347222222		0.258333333	0.051445164
133	183	0.508333333		113	0.313888889		0.194444444	0.047790696
134	207	0.575		109	0.302777778		0.272222222	0.049378858
135	209	0.580555556		128	0.355555556		0.225	0.050993222
136	201	0.558333333		124	0.344444444		0.213888889	0.050077101
137	197	0.547222222		101	0.280555556		0.266666667	0.047951879
138	166	0.461111111		104	0.288888889		0.172222222	0.045643546
139	184	0.511111111		117	0.325		0.186111111	0.048192643
140	201	0.558333333		107	0.297222222		0.261111111	0.048749802
141	187	0.519444444		105	0.291666667		0.227777778	0.047466687
142	158	0.438888889		99	0.275		0.163888889	0.044531165
143	177	0.491666667		88	0.244444444		0.247222222	0.045218946
144	178	0.494444444		84	0.233333333		0.261111111	0.044962261
145	185	0.513888889		84	0.233333333		0.280555556	0.045558943
146	188	0.522222222		94	0.261111111		0.261111111	0.046646821
147	185	0.513888889		90	0.25		0.263888889	0.046064233
148	168	0.466666667		103	0.286111111		0.180555556	0.045727993
149	166	0.461111111		100	0.277777778		0.183333333	0.045304185
150	169	0.469444444		94	0.261111111		0.208333333	0.045047985
151	163	0.452777778		84	0.233333333		0.219444444	0.043656205
152	190	0.527777778		81	0.225		0.302777778	0.045727993
153	206	0.572222222		87	0.241666667		0.330555556	0.047547897
154	176	0.488888889		81	0.225		0.263888889	0.044531165
155	183	0.508333333		103	0.286111111		0.222222222	0.046976485
156	170	0.472222222		81	0.225		0.247222222	0.044008276
157	186	0.516666667		66	0.183333333		0.333333333	0.044095855
158	194	0.538888889		82	0.227777778		0.311111111	0.04614791
159	188	0.522222222		76	0.211111111		0.311111111	0.045133547
160	202	0.561111111		70	0.194444444		0.366666667	0.045812285
161	170	0.472222222		71	0.197222222		0.275	0.043122707
162	183	0.508333333		66	0.183333333		0.325	0.043832594
163	165	0.458333333		76	0.211111111		0.247222222	0.043122707
164	199	0.552777778		64	0.177777778		0.375	0.045047985
165	193	0.536111111		52	0.144444444		0.391666667	0.0434791
166	203	0.563888889		65	0.180555556		0.383333333	0.045474182
167	160	0.444444444		74	0.205555556		0.238888889	0.042491829
168	192	0.533333333		61	0.169444444		0.363888889	0.04418326
169	184	0.511111111		68	0.188888889		0.322222222	0.044095855
170	177	0.491666667		58	0.161111111		0.330555556	0.042582527
171	184	0.511111111		90	0.25		0.261111111	0.045980404
172	175	0.486111111		66	0.183333333		0.302777778	0.043122707
173	178	0.494444444		54	0.15		0.344444444	0.042309851
174	162	0.45		54	0.15		0.3	0.040824829
175	176	0.488888889		59	0.163888889		0.325	0.042582527
176	163	0.452777778		44	0.122222222		0.330555556	0.039965263
177	155	0.430555556		54	0.15		0.280555556	0.040157867
178	169	0.469444444		49	0.136111111		0.333333333	0.041013397
179	186	0.516666667		60	0.166666667		0.35	0.043567742
180	167	0.463888889		48	0.133333333		0.330555556	0.040730217
181	186	0.516666667		49	0.136111111		0.380555556	0.042582527
182	154	0.427777778		51	0.141666667		0.286111111	0.039771725
183	179	0.497222222		43	0.119444444		0.377777778	0.041387957
184	166	0.461111111		48	0.133333333		0.327777778	0.040635386
185	144	0.4		53	0.147222222		0.252777778	0.038987969
186	169	0.469444444		55	0.152777778		0.316666667	0.041573971
187	162	0.45		43	0.119444444		0.330555556	0.039771725
188	164	0.455555556		38	0.105555556		0.35	0.03947964
189	176	0.488888889		56	0.155555556		0.333333333	0.042309851
190	170	0.472222222		39	0.108333333		0.363888889	0.040157867
191	213	0.591666667		52	0.144444444		0.447222222	0.045218946
192	175	0.486111111		38	0.105555556		0.380555556	0.040540332
193	186	0.516666667		47	0.130555556		0.386111111	0.042400938
194	186	0.516666667		48	0.133333333		0.383333333	0.042491829
195	159	0.441666667		30	0.083333333		0.358333333	0.038188131
196	167	0.463888889		36	0.1		0.363888889	0.039577241
197	168	0.466666667		55	0.152777778		0.313888889	0.041481068
198	166	0.461111111		40	0.111111111		0.35	0.039868611
199	174	0.483333333		43	0.119444444		0.363888889	0.040919222
200	143	0.397222222		41	0.113888889		0.283333333	0.037679611
201	154	0.427777778		41	0.113888889		0.313888889	0.038789556
202	168	0.466666667		49	0.136111111		0.330555556	0.040919222
203	172	0.477777778		36	0.1		0.377777778	0.040061681
204	160	0.444444444		39	0.108333333		0.336111111	0.039185378
205	152	0.422222222		25	0.069444444		0.352777778	0.03695593
206	164	0.455555556		39	0.108333333		0.347222222	0.039577241
207	171	0.475		31	0.086111111		0.388888889	0.03947964
208	170	0.472222222		33	0.091666667		0.380555556	0.039577241
209	157	0.436111111		36	0.1		0.336111111	0.038590122
210	144	0.4		40	0.111111111		0.288888889	0.037679611
211	145	0.402777778		32	0.088888889		0.313888889	0.03695593
212	152	0.422222222		36	0.1		0.322222222	0.03808697
213	162	0.45		34	0.094444444		0.355555556	0.038888889
214	130	0.361111111		33	0.091666667		0.269444444	0.035464293
215	162	0.45		35	0.097222222		0.352777778	0.038987969
216	174	0.483333333		28	0.077777778		0.405555556	0.03947964
217	137	0.380555556		43	0.119444444		0.261111111	0.0372678
218	134	0.372222222		20	0.055555556		0.316666667	0.034471316
219	158	0.438888889		28	0.077777778		0.361111111	0.037883838
220	149	0.413888889		29	0.080555556		0.333333333	0.037060178
221	134	0.372222222		41	0.113888889		0.258333333	0.036746546
222	164	0.455555556		31	0.086111111		0.369444444	0.038789556
223	142	0.394444444		24	0.066666667		0.327777778	0.035789163
224	161	0.447222222		29	0.080555556		0.366666667	0.038289024
225	154	0.427777778		23	0.063888889		0.363888889	0.03695593
226	165	0.458333333		37	0.102777778		0.355555556	0.03947964
227	136	0.377777778		31	0.086111111		0.291666667	0.0358968
228	160	0.444444444		36	0.1		0.344444444	0.038888889
229	139	0.386111111		22	0.061111111		0.325	0.035246049
230	137	0.380555556		21	0.058333333		0.322222222	0.034916125
231	133	0.369444444		30	0.083333333		0.286111111	0.035464293
232	138	0.383333333		31	0.086111111		0.297222222	0.036111111
233	161	0.447222222		29	0.080555556		0.366666667	0.038289024
234	131	0.363888889		29	0.080555556		0.283333333	0.035136418
235	145	0.402777778		31	0.086111111		0.316666667	0.036851387
236	149	0.413888889		24	0.066666667		0.347222222	0.036535962
237	146	0.405555556		26	0.072222222		0.333333333	0.036430214
238	166	0.461111111		23	0.063888889		0.397222222	0.038188131
239	106	0.294444444		15	0.041666667		0.252777778	0.030555556
240	127	0.352777778		20	0.055555556		0.297222222	0.033678766
241	108	0.3		28	0.077777778		0.222222222	0.032394177
242	126	0.35		22	0.061111111		0.288888889	0.033793125
243	136	0.377777778		29	0.080555556		0.297222222	0.035681202
244	129	0.358333333		21	0.058333333		0.3	0.034020691
245	122	0.338888889		22	0.061111111		0.277777778	0.033333333
246	115	0.319444444		20	0.055555556		0.263888889	0.032274861
247	130	0.361111111		26	0.072222222		0.288888889	0.034694433
248	121	0.336111111		21	0.058333333		0.277777778	0.033101042
249	116	0.322222222		28	0.077777778		0.244444444	0.033333333
250	119	0.330555556		22	0.061111111		0.269444444	0.032984284
251	129	0.358333333		26	0.072222222		0.286111111	0.034583054
252	124	0.344444444		25	0.069444444		0.275	0.033907099
253	133	0.369444444		24	0.066666667		0.302777778	0.034805456
254	112	0.311111111		28	0.077777778		0.233333333	0.03286711
255	94	0.261111111		17	0.047222222		0.213888889	0.029265705
256	116	0.322222222		19	0.052777778		0.269444444	0.032274861
257	127	0.352777778		30	0.083333333		0.269444444	0.034805456
258	112	0.311111111		15	0.041666667		0.269444444	0.031303966
259	120	0.333333333		12	0.033333333		0.3	0.031914237
260	123	0.341666667		28	0.077777778		0.263888889	0.034133905
261	128	0.355555556		17	0.047222222		0.308333333	0.033448874
262	121	0.336111111		22	0.061111111		0.275	0.033217391
263	127	0.352777778		20	0.055555556		0.297222222	0.033678766
264	105	0.291666667		18	0.05		0.241666667	0.030807046
265	114	0.316666667		16	0.044444444		0.272222222	0.03167154
266	101	0.280555556		26	0.072222222		0.208333333	0.031303966
267	120	0.333333333		18	0.05		0.283333333	0.0326315
268	121	0.336111111		23	0.063888889		0.272222222	0.033333333
269	116	0.322222222		6	0.016666667		0.305555556	0.030681558
270	112	0.311111111		24	0.066666667		0.244444444	0.032394177
271	121	0.336111111		14	0.038888889		0.297222222	0.032274861
272	126	0.35		12	0.033333333		0.316666667	0.0326315
273	130	0.361111111		18	0.05		0.311111111	0.033793125
274	121	0.336111111		17	0.047222222		0.288888889	0.0326315
275	105	0.291666667		24	0.066666667		0.225	0.031549491
276	93	0.258333333		14	0.038888889		0.219444444	0.028733557
277	102	0.283333333		24	0.066666667		0.216666667	0.031180478
278	105	0.291666667		15	0.041666667		0.25	0.030429031
279	111	0.308333333		24	0.066666667		0.241666667	0.032274861
280	88	0.244444444		14	0.038888889		0.205555556	0.02805418
281	97	0.269444444		21	0.058333333		0.211111111	0.03017439
282	98	0.272222222		21	0.058333333		0.213888889	0.030301978
283	94	0.261111111		16	0.044444444		0.216666667	0.029133579
284	93	0.258333333		20	0.055555556		0.202777778	0.029528183
285	110	0.305555556		21	0.058333333		0.247222222	0.03179312
286	97	0.269444444		10	0.027777778		0.241666667	0.028733557
287	112	0.311111111		20	0.055555556		0.255555556	0.031914237
288	91	0.252777778		18	0.05		0.202777778	0.029000851
289	79	0.219444444		20	0.055555556		0.163888889	0.02763854
290	117	0.325		16	0.044444444		0.280555556	0.032034896
291	91	0.252777778		13	0.036111111		0.216666667	0.028327886
292	104	0.288888889		10	0.027777778		0.261111111	0.029658551
293	91	0.252777778		13	0.036111111		0.216666667	0.028327886
294	103	0.286111111		21	0.058333333		0.227777778	0.030932024
295	101	0.280555556		15	0.041666667		0.238888889	0.029917582
296	87	0.241666667		17	0.047222222		0.194444444	0.028327886
297	96	0.266666667		16	0.044444444		0.222222222	0.029397237
298	82	0.227777778		16	0.044444444		0.183333333	0.027498597
299	79	0.219444444		16	0.044444444		0.175	0.027074429
300	93	0.258333333		15	0.041666667		0.216666667	0.028867513
301	91	0.252777778		6	0.016666667		0.236111111	0.027357938
302	78	0.216666667		12	0.033333333		0.183333333	0.026352314
303	89	0.247222222		15	0.041666667		0.205555556	0.028327886
304	87	0.241666667		9	0.025		0.216666667	0.027216553
305	91	0.252777778		12	0.033333333		0.219444444	0.028191365
306	87	0.241666667		19	0.052777778		0.188888889	0.028598973
307	87	0.241666667		15	0.041666667		0.2	0.02805418
308	66	0.183333333		13	0.036111111		0.147222222	0.024689429
309	83	0.230555556		6	0.016666667		0.213888889	0.026205503
310	81	0.225		10	0.027777778		0.197222222	0.026498311
311	86	0.238888889		12	0.033333333		0.205555556	0.027498597
312	66	0.183333333		11	0.030555556		0.152777778	0.024374901
313	82	0.227777778		10	0.027777778		0.2	0.026643508
314	73	0.202777778		12	0.033333333		0.169444444	0.025609846
315	85	0.236111111		19	0.052777778		0.183333333	0.028327886
316	83	0.230555556		10	0.027777778		0.202777778	0.026787919
317	76	0.211111111		17	0.047222222		0.163888889	0.026787919
318	72	0.2		26	0.072222222		0.127777778	0.027498597
319	79	0.219444444		13	0.036111111		0.183333333	0.026643508
320	83	0.230555556		12	0.033333333		0.197222222	0.027074429
321	77	0.213888889		13	0.036111111		0.177777778	0.026352314
322	69	0.191666667		15	0.041666667		0.15	0.025458754
323	88	0.244444444		15	0.041666667		0.202777778	0.028191365
324	77	0.213888889		17	0.047222222		0.166666667	0.026931555
325	69	0.191666667		14	0.038888889		0.152777778	0.02530676
326	93	0.258333333		7	0.019444444		0.238888889	0.027777778
327	88	0.244444444		14	0.038888889		0.205555556	0.02805418
328	63	0.175		18	0.05		0.125	0.025
329	89	0.247222222		10	0.027777778		0.219444444	0.02763854
330	68	0.188888889		5	0.013888889		0.175	0.023733344
331	76	0.211111111		14	0.038888889		0.172222222	0.026352314
332	80	0.222222222		19	0.052777778		0.169444444	0.02763854
333	65	0.180555556		16	0.044444444		0.136111111	0.025
334	54	0.15		10	0.027777778		0.122222222	0.022222222
335	62	0.172222222		10	0.027777778		0.144444444	0.023570226
336	89	0.247222222		17	0.047222222		0.2	0.028598973
337	62	0.172222222		16	0.044444444		0.127777778	0.024532669
338	59	0.163888889		8	0.022222222		0.141666667	0.022737091
339	65	0.180555556		16	0.044444444		0.136111111	0.025
340	62	0.172222222		14	0.038888889		0.133333333	0.024216105
341	68	0.188888889		10	0.027777778		0.161111111	0.024532669
342	80	0.222222222		19	0.052777778		0.169444444	0.02763854
343	57	0.158333333		10	0.027777778		0.130555556	0.022737091
344	79	0.219444444		16	0.044444444		0.175	0.027074429
345	69	0.191666667		12	0.033333333		0.158333333	0.025
346	69	0.191666667		11	0.030555556		0.161111111	0.0248452
347	61	0.169444444		11	0.030555556		0.138888889	0.023570226
348	63	0.175		10	0.027777778		0.147222222	0.023733344
349	68	0.188888889		10	0.027777778		0.161111111	0.024532669
350	69	0.191666667		16	0.044444444		0.147222222	0.025609846
351	64	0.177777778		13	0.036111111		0.141666667	0.024374901
352	71	0.197222222		10	0.027777778		0.169444444	0.025
353	73	0.202777778		11	0.030555556		0.172222222	0.025458754
354	50	0.138888889		13	0.036111111		0.102777778	0.022047928
355	53	0.147222222		10	0.027777778		0.119444444	0.022047928
356	49	0.136111111		13	0.036111111		0.1	0.021872244
357	51	0.141666667		18	0.05		0.091666667	0.023073955
358	70	0.194444444		9	0.025		0.169444444	0.024689429
359	44	0.122222222		11	0.030555556		0.091666667	0.020600551
360	58	0.161111111		10	0.027777778		0.133333333	0.022906142
361	60	0.166666667		19	0.052777778		0.113888889	0.024689429
362	64	0.177777778		12	0.033333333		0.144444444	0.024216105
363	63	0.175		9	0.025		0.15	0.023570226
364	63	0.175		14	0.038888889		0.136111111	0.024374901
365	65	0.180555556		11	0.030555556		0.15	0.024216105
366	62	0.172222222		9	0.025		0.147222222	0.023405972
367	57	0.158333333		7	0.019444444		0.138888889	0.022222222
368	46	0.127777778		9	0.025		0.102777778	0.020600551
369	54	0.15		10	0.027777778		0.122222222	0.022222222
370	43	0.119444444		11	0.030555556		0.088888889	0.020412415
371	63	0.175		14	0.038888889		0.136111111	0.024374901
372	55	0.152777778		13	0.036111111		0.116666667	0.022906142
373	55	0.152777778		9	0.025		0.127777778	0.022222222
374	46	0.127777778		13	0.036111111		0.091666667	0.021336516
375	57	0.158333333		9	0.025		0.133333333	0.022566773
376	47	0.130555556		11	0.030555556		0.1	0.021154925
377	52	0.144444444		11	0.030555556		0.113888889	0.022047928
378	51	0.141666667		14	0.038888889		0.102777778	0.02239516
379	65	0.180555556		9	0.025		0.155555556	0.023895348
380	54	0.15		12	0.033333333		0.116666667	0.022566773
381	52	0.144444444		10	0.027777778		0.116666667	0.021872244
382	69	0.191666667		12	0.033333333		0.158333333	0.025
383	61	0.169444444		9	0.025		0.144444444	0.023240556
384	51	0.141666667		11	0.030555556		0.111111111	0.021872244
385	41	0.113888889		5	0.013888889		0.1	0.018839806
386	66	0.183333333		12	0.033333333		0.15	0.024532669
387	56	0.155555556		6	0.016666667		0.138888889	0.021872244
388	54	0.15		13	0.036111111		0.113888889	0.022737091
389	50	0.138888889		6	0.016666667		0.122222222	0.020786985
390	54	0.15		12	0.033333333		0.116666667	0.022566773
391	50	0.138888889		9	0.025		0.113888889	0.021336516
392	40	0.111111111		9	0.025		0.086111111	0.019444444
393	55	0.152777778		7	0.019444444		0.133333333	0.021872244
394	52	0.144444444		13	0.036111111		0.108333333	0.02239516
395	56	0.155555556		7	0.019444444		0.136111111	0.022047928
396	41	0.113888889		9	0.025		0.088888889	0.019641855
397	58	0.161111111		12	0.033333333		0.127777778	0.023240556
398	48	0.133333333		15	0.041666667		0.091666667	0.022047928
399	48	0.133333333		5	0.013888889		0.119444444	0.020222527
400	50	0.138888889		8	0.022222222		0.116666667	0.021154925
401	42	0.116666667		12	0.033333333		0.083333333	0.020412415
402	56	0.155555556		8	0.022222222		0.133333333	0.022222222
403	54	0.15		10	0.027777778		0.122222222	0.022222222
404	44	0.122222222		7	0.019444444		0.102777778	0.019837301
405	39	0.108333333		9	0.025		0.083333333	0.019245009
406	45	0.125		12	0.033333333		0.091666667	0.020971762
407	48	0.133333333		10	0.027777778		0.105555556	0.021154925
408	41	0.113888889		7	0.019444444		0.094444444	0.019245009
409	51	0.141666667		10	0.027777778		0.113888889	0.021695138
410	54	0.15		12	0.033333333		0.116666667	0.022566773
411	47	0.130555556		12	0.033333333		0.097222222	0.021336516
412	50	0.138888889		6	0.016666667		0.122222222	0.020786985
413	46	0.127777778		9	0.025		0.102777778	0.020600551
414	42	0.116666667		10	0.027777778		0.088888889	0.02003084
415	35	0.097222222		12	0.033333333		0.063888889	0.019043485
416	44	0.122222222		15	0.041666667		0.080555556	0.021336516
417	43	0.119444444		13	0.036111111		0.083333333	0.020786985
418	44	0.122222222		6	0.016666667		0.105555556	0.019641855
419	39	0.108333333		10	0.027777778		0.080555556	0.019444444
420	41	0.113888889		7	0.019444444		0.094444444	0.019245009
421	36	0.1		15	0.041666667		0.058333333	0.019837301
422	48	0.133333333		11	0.030555556		0.102777778	0.021336516
423	35	0.097222222		6	0.016666667		0.080555556	0.017786456
424	34	0.094444444		13	0.036111111		0.058333333	0.019043485
425	45	0.125		8	0.022222222		0.102777778	0.020222527
426	54	0.15		10	0.027777778		0.122222222	0.022222222
427	40	0.111111111		10	0.027777778		0.083333333	0.019641855
428	38	0.105555556		11	0.030555556		0.075	0.019444444
429	55	0.152777778		6	0.016666667		0.136111111	0.021695138
430	41	0.113888889		12	0.033333333		0.080555556	0.020222527
431	35	0.097222222		7	0.019444444		0.077777778	0.018002057
432	55	0.152777778		10	0.027777778		0.125	0.02239516
433	48	0.133333333		5	0.013888889		0.119444444	0.020222527
434	45	0.125		6	0.016666667		0.108333333	0.019837301
435	38	0.105555556		11	0.030555556		0.075	0.019444444
436	39	0.108333333		7	0.019444444		0.088888889	0.018839806
437	43	0.119444444		12	0.033333333		0.086111111	0.020600551
438	41	0.113888889		8	0.022222222		0.091666667	0.019444444
439	40	0.111111111		8	0.022222222		0.088888889	0.019245009
440	30	0.083333333		4	0.011111111		0.072222222	0.016197089
441	39	0.108333333		11	0.030555556		0.077777778	0.019641855
442	33	0.091666667		4	0.011111111		0.080555556	0.016896563
443	49	0.136111111		11	0.030555556		0.105555556	0.021516574
444	29	0.080555556		7	0.019444444		0.061111111	0.016666667
445	42	0.116666667		3	0.008333333		0.108333333	0.0186339
446	43	0.119444444		8	0.022222222		0.097222222	0.019837301
447	34	0.094444444		9	0.025		0.069444444	0.018215107
448	35	0.097222222		10	0.027777778		0.069444444	0.0186339
449	38	0.105555556		8	0.022222222		0.083333333	0.018839806
450	50	0.138888889		10	0.027777778		0.111111111	0.021516574
451	41	0.113888889		6	0.016666667		0.097222222	0.019043485
452	44	0.122222222		13	0.036111111		0.086111111	0.020971762
453	36	0.1		9	0.025		0.075	0.0186339
454	31	0.086111111		10	0.027777778		0.058333333	0.017786456
455	31	0.086111111		11	0.030555556		0.055555556	0.018002057
456	34	0.094444444		5	0.013888889		0.080555556	0.017347217
457	31	0.086111111		7	0.019444444		0.066666667	0.017123372
458	44	0.122222222		7	0.019444444		0.102777778	0.019837301
459	39	0.108333333		7	0.019444444		0.088888889	0.018839806
460	43	0.119444444		11	0.030555556		0.088888889	0.020412415
461	36	0.1		5	0.013888889		0.086111111	0.017786456
462	46	0.127777778		10	0.027777778		0.1	0.020786985
463	33	0.091666667		7	0.019444444		0.072222222	0.017568209
464	40	0.111111111		4	0.011111111		0.1	0.018425693
465	33	0.091666667		8	0.022222222		0.069444444	0.017786456
466	40	0.111111111		6	0.016666667		0.094444444	0.018839806
467	38	0.105555556		7	0.019444444		0.086111111	0.0186339
468	34	0.094444444		6	0.016666667		0.077777778	0.017568209
469	37	0.102777778		15	0.041666667		0.061111111	0.02003084
470	29	0.080555556		7	0.019444444		0.061111111	0.016666667
471	36	0.1		7	0.019444444		0.080555556	0.018215107
472	32	0.088888889		1	0.002777778		0.086111111	0.015957118
473	27	0.075		4	0.011111111		0.063888889	0.015466012
474	33	0.091666667		7	0.019444444		0.072222222	0.017568209
475	34	0.094444444		6	0.016666667		0.077777778	0.017568209
476	33	0.091666667		7	0.019444444		0.072222222	0.017568209
477	35	0.097222222		3	0.008333333		0.088888889	0.017123372
478	38	0.105555556		8	0.022222222		0.083333333	0.018839806
479	35	0.097222222		7	0.019444444		0.077777778	0.018002057
480	30	0.083333333		4	0.011111111		0.072222222	0.016197089
481	30	0.083333333		13	0.036111111		0.047222222	0.018215107
482	35	0.097222222		3	0.008333333		0.088888889	0.017123372
483	35	0.097222222		10	0.027777778		0.069444444	0.0186339
484	21	0.058333333		4	0.011111111		0.047222222	0.013888889
485	31	0.086111111		10	0.027777778		0.058333333	0.017786456
486	30	0.083333333		5	0.013888889		0.069444444	0.016433555
487	45	0.125		10	0.027777778		0.097222222	0.020600551
488	34	0.094444444		5	0.013888889		0.080555556	0.017347217
489	27	0.075		9	0.025		0.05	0.016666667
490	42	0.116666667		4	0.011111111		0.105555556	0.018839806
491	24	0.066666667		5	0.013888889		0.052777778	0.014958791
492	24	0.066666667		8	0.022222222		0.044444444	0.015713484
493	30	0.083333333		9	0.025		0.058333333	0.017347217
494	28	0.077777778		9	0.025		0.052777778	0.016896563
495	43	0.119444444		7	0.019444444		0.1	0.019641855
496	26	0.072222222		7	0.019444444		0.052777778	0.015957118
497	28	0.077777778		5	0.013888889		0.063888889	0.015957118
498	34	0.094444444		5	0.013888889		0.080555556	0.017347217
499	28	0.077777778		9	0.025		0.052777778	0.016896563
500	32	0.088888889		8	0.022222222		0.066666667	0.017568209
501	40	0.111111111		8	0.022222222		0.088888889	0.019245009
502	26	0.072222222		8	0.022222222		0.05	0.016197089
503	22	0.061111111		12	0.033333333		0.027777778	0.016197089
504	32	0.088888889		8	0.022222222		0.066666667	0.017568209
505	33	0.091666667		6	0.016666667		0.075	0.017347217
506	28	0.077777778		7	0.019444444		0.058333333	0.016433555
507	35	0.097222222		4	0.011111111		0.086111111	0.017347217
508	28	0.077777778		7	0.019444444		0.058333333	0.016433555
509	26	0.072222222		6	0.016666667		0.055555556	0.015713484
510	27	0.075		8	0.022222222		0.052777778	0.016433555
511	29	0.080555556		7	0.019444444		0.061111111	0.016666667
512	20	0.055555556		10	0.027777778		0.027777778	0.015214515
513	26	0.072222222		6	0.016666667		0.055555556	0.015713484
514	30	0.083333333		8	0.022222222		0.061111111	0.017123372
515	42	0.116666667		5	0.013888889		0.102777778	0.019043485
516	32	0.088888889		5	0.013888889		0.075	0.016896563
517	30	0.083333333		8	0.022222222		0.061111111	0.017123372
518	33	0.091666667		6	0.016666667		0.075	0.017347217
519	27	0.075		7	0.019444444		0.055555556	0.016197089
520	24	0.066666667		6	0.016666667		0.05	0.015214515
521	32	0.088888889		12	0.033333333		0.055555556	0.018425693
522	33	0.091666667		5	0.013888889		0.077777778	0.017123372
523	34	0.094444444		9	0.025		0.069444444	0.018215107
524	25	0.069444444		4	0.011111111		0.058333333	0.014958791
525	24	0.066666667		5	0.013888889		0.052777778	0.014958791
526	23	0.063888889		5	0.013888889		0.05	0.014698618
527	23	0.063888889		7	0.019444444		0.044444444	0.015214515
528	30	0.083333333		7	0.019444444		0.063888889	0.016896563
529	24	0.066666667		7	0.019444444		0.047222222	0.015466012
530	26	0.072222222		6	0.016666667		0.055555556	0.015713484
531	23	0.063888889		7	0.019444444		0.044444444	0.015214515
532	28	0.077777778		7	0.019444444		0.058333333	0.016433555
533	38	0.105555556		6	0.016666667		0.088888889	0.018425693
534	20	0.055555556		10	0.027777778		0.027777778	0.015214515
535	24	0.066666667		6	0.016666667		0.05	0.015214515
536	26	0.072222222		4	0.011111111		0.061111111	0.015214515
537	19	0.052777778		10	0.027777778		0.025	0.014958791
538	27	0.075		5	0.013888889		0.061111111	0.015713484
539	39	0.108333333		2	0.005555556		0.102777778	0.017786456
540	21	0.058333333		9	0.025		0.033333333	0.015214515
541	28	0.077777778		7	0.019444444		0.058333333	0.016433555
542	27	0.075		12	0.033333333		0.041666667	0.017347217
543	27	0.075		7	0.019444444		0.055555556	0.016197089
544	27	0.075		6	0.016666667		0.058333333	0.015957118
545	21	0.058333333		11	0.030555556		0.027777778	0.015713484
546	26	0.072222222		6	0.016666667		0.055555556	0.015713484
547	27	0.075		9	0.025		0.05	0.016666667
548	20	0.055555556		8	0.022222222		0.033333333	0.014698618
549	25	0.069444444		7	0.019444444		0.05	0.015713484
550	19	0.052777778		5	0.013888889		0.038888889	0.013608276
551	25	0.069444444		8	0.022222222		0.047222222	0.015957118
552	26	0.072222222		11	0.030555556		0.041666667	0.016896563
553	30	0.083333333		5	0.013888889		0.069444444	0.016433555
554	26	0.072222222		7	0.019444444		0.052777778	0.015957118
555	23	0.063888889		9	0.025		0.038888889	0.015713484
556	23	0.063888889		7	0.019444444		0.044444444	0.015214515
557	23	0.063888889		5	0.013888889		0.05	0.014698618
558	23	0.063888889		4	0.011111111		0.052777778	0.014433757
559	20	0.055555556		6	0.016666667		0.038888889	0.014163943
560	23	0.063888889		2	0.005555556		0.058333333	0.013888889
561	24	0.066666667		13	0.036111111		0.030555556	0.016896563
562	30	0.083333333		5	0.013888889		0.069444444	0.016433555
563	21	0.058333333		4	0.011111111		0.047222222	0.013888889
564	23	0.063888889		13	0.036111111		0.027777778	0.016666667
565	29	0.080555556		7	0.019444444		0.061111111	0.016666667
566	16	0.044444444		7	0.019444444		0.025	0.013321754
567	32	0.088888889		4	0.011111111		0.077777778	0.016666667
568	16	0.044444444		4	0.011111111		0.033333333	0.0124226
569	24	0.066666667		4	0.011111111		0.055555556	0.014698618
570	25	0.069444444		4	0.011111111		0.058333333	0.014958791
571	27	0.075		4	0.011111111		0.063888889	0.015466012
572	17	0.047222222		7	0.019444444		0.027777778	0.013608276
573	18	0.05		8	0.022222222		0.027777778	0.014163943
574	25	0.069444444		3	0.008333333		0.061111111	0.014698618
575	16	0.044444444		7	0.019444444		0.025	0.013321754
576	20	0.055555556		4	0.011111111		0.044444444	0.013608276
577	16	0.044444444		4	0.011111111		0.033333333	0.0124226
578	22	0.061111111		7	0.019444444		0.041666667	0.014958791
579	18	0.05		7	0.019444444		0.030555556	0.013888889
580	29	0.080555556		2	0.005555556		0.075	0.015466012
581	17	0.047222222		6	0.016666667		0.030555556	0.013321754
582	26	0.072222222		6	0.016666667		0.055555556	0.015713484
583	25	0.069444444		4	0.011111111		0.058333333	0.014958791
584	27	0.075		5	0.013888889		0.061111111	0.015713484
585	22	0.061111111		4	0.011111111		0.05	0.014163943
586	25	0.069444444		8	0.022222222		0.047222222	0.015957118
587	15	0.041666667		12	0.033333333		0.008333333	0.014433757
588	27	0.075		5	0.013888889		0.061111111	0.015713484
589	12	0.033333333		7	0.019444444		0.013888889	0.012108053
590	20	0.055555556		3	0.008333333		0.047222222	0.013321754
591	28	0.077777778		7	0.019444444		0.058333333	0.016433555
592	14	0.038888889		1	0.002777778		0.036111111	0.010758287
593	28	0.077777778		6	0.016666667		0.061111111	0.016197089
594	15	0.041666667		10	0.027777778		0.013888889	0.013888889
595	22	0.061111111		8	0.022222222		0.038888889	0.015214515
596	18	0.05		6	0.016666667		0.033333333	0.013608276
597	22	0.061111111		8	0.022222222		0.038888889	0.015214515
598	21	0.058333333		8	0.022222222		0.036111111	0.014958791
599	20	0.055555556		7	0.019444444		0.036111111	0.014433757
600	22	0.061111111		4	0.011111111		0.05	0.014163943
601	31	0.086111111		1	0.002777778		0.083333333	0.015713484
602	23	0.063888889		8	0.022222222		0.041666667	0.015466012
603	25	0.069444444		4	0.011111111		0.058333333	0.014958791
604	17	0.047222222		3	0.008333333		0.038888889	0.0124226
605	20	0.055555556		11	0.030555556		0.025	0.015466012
606	21	0.058333333		3	0.008333333		0.05	0.013608276
607	20	0.055555556		6	0.016666667		0.038888889	0.014163943
608	19	0.052777778		4	0.011111111		0.041666667	0.013321754
609	23	0.063888889		8	0.022222222		0.041666667	0.015466012
610	18	0.05		3	0.008333333		0.041666667	0.012729377
611	17	0.047222222		7	0.019444444		0.027777778	0.013608276
612	12	0.033333333		6	0.016666667		0.016666667	0.011785113
613	18	0.05		6	0.016666667		0.033333333	0.013608276
614	20	0.055555556		5	0.013888889		0.041666667	0.013888889
615	22	0.061111111		5	0.013888889		0.047222222	0.014433757
616	10	0.027777778		6	0.016666667		0.011111111	0.011111111
617	25	0.069444444		6	0.016666667		0.052777778	0.015466012
618	28	0.077777778		4	0.011111111		0.066666667	0.015713484
619	17	0.047222222		7	0.019444444		0.027777778	0.013608276
620	22	0.061111111		6	0.016666667		0.044444444	0.014698618
621	14	0.038888889		5	0.013888889		0.025	0.012108053
622	20	0.055555556		5	0.013888889		0.041666667	0.013888889
623	8	0.022222222		5	0.013888889		0.008333333	0.01001542
624	12	0.033333333		9	0.025		0.008333333	0.012729377
625	22	0.061111111		5	0.013888889		0.047222222	0.014433757
626	14	0.038888889		4	0.011111111		0.027777778	0.011785113
627	19	0.052777778		7	0.019444444		0.033333333	0.014163943
628	21	0.058333333		4	0.011111111		0.047222222	0.013888889
629	12	0.033333333		2	0.005555556		0.027777778	0.010393493
630	12	0.033333333		3	0.008333333		0.025	0.010758287
631	20	0.055555556		2	0.005555556		0.05	0.013028933
632	19	0.052777778		5	0.013888889		0.038888889	0.013608276
633	15	0.041666667		2	0.005555556		0.036111111	0.011453071
634	18	0.05		8	0.022222222		0.027777778	0.014163943
635	12	0.033333333		5	0.013888889		0.019444444	0.011453071
636	24	0.066666667		5	0.013888889		0.052777778	0.014958791
637	15	0.041666667		7	0.019444444		0.022222222	0.013028933
638	18	0.05		6	0.016666667		0.033333333	0.013608276
639	24	0.066666667		2	0.005555556		0.061111111	0.014163943
640	20	0.055555556		5	0.013888889		0.041666667	0.013888889
641	29	0.080555556		5	0.013888889		0.066666667	0.016197089
642	17	0.047222222		3	0.008333333		0.038888889	0.0124226
643	25	0.069444444		8	0.022222222		0.047222222	0.015957118
644	20	0.055555556		5	0.013888889		0.041666667	0.013888889
645	19	0.052777778		7	0.019444444		0.033333333	0.014163943
646	15	0.041666667		8	0.022222222		0.019444444	0.013321754
647	18	0.05		7	0.019444444		0.030555556	0.013888889
648	15	0.041666667		7	0.019444444		0.022222222	0.013028933
649	15	0.041666667		7	0.019444444		0.022222222	0.013028933
650	25	0.069444444		3	0.008333333		0.061111111	0.014698618
651	27	0.075		3	0.008333333		0.066666667	0.015214515
652	14	0.038888889		4	0.011111111		0.027777778	0.011785113
653	16	0.044444444		4	0.011111111		0.033333333	0.0124226
654	19	0.052777778		0	0		0.052777778	0.012108053
655	25	0.069444444		4	0.011111111		0.058333333	0.014958791
656	23	0.063888889		7	0.019444444		0.044444444	0.015214515
657	13	0.036111111		2	0.005555556		0.030555556	0.010758287
658	15	0.041666667		2	0.005555556		0.036111111	0.011453071
659	8	0.022222222		6	0.016666667		0.005555556	0.010393493
660	22	0.061111111		2	0.005555556		0.055555556	0.013608276
661	20	0.055555556		5	0.013888889		0.041666667	0.013888889
662	24	0.066666667		4	0.011111111		0.055555556	0.014698618
663	14	0.038888889		5	0.013888889		0.025	0.012108053
664	13	0.036111111		6	0.016666667		0.019444444	0.012108053
665	18	0.05		5	0.013888889		0.036111111	0.013321754
666	12	0.033333333		4	0.011111111		0.022222222	0.011111111
667	17	0.047222222		2	0.005555556		0.041666667	0.012108053
668	12	0.033333333		1	0.002777778		0.030555556	0.01001542
669	21	0.058333333		7	0.019444444		0.038888889	0.014698618
670	14	0.038888889		4	0.011111111		0.027777778	0.011785113
671	17	0.047222222		3	0.008333333		0.038888889	0.0124226
672	22	0.061111111		6	0.016666667		0.044444444	0.014698618
673	11	0.030555556		8	0.022222222		0.008333333	0.012108053
674	14	0.038888889		5	0.013888889		0.025	0.012108053
675	12	0.033333333		3	0.008333333		0.025	0.010758287
676	10	0.027777778		4	0.011111111		0.016666667	0.010393493
677	11	0.030555556		4	0.011111111		0.019444444	0.010758287
678	14	0.038888889		5	0.013888889		0.025	0.012108053
679	17	0.047222222		3	0.008333333		0.038888889	0.0124226
680	20	0.055555556		3	0.008333333		0.047222222	0.013321754
681	14	0.038888889		1	0.002777778		0.036111111	0.010758287
682	8	0.022222222		8	0.022222222		0	0.011111111
683	20	0.055555556		8	0.022222222		0.033333333	0.014698618
684	13	0.036111111		3	0.008333333		0.027777778	0.011111111
685	14	0.038888889		8	0.022222222		0.016666667	0.013028933
686	19	0.052777778		1	0.002777778		0.05	0.0124226
687	17	0.047222222		5	0.013888889		0.033333333	0.013028933
688	12	0.033333333		5	0.013888889		0.019444444	0.011453071
689	14	0.038888889		4	0.011111111		0.027777778	0.011785113
690	15	0.041666667		4	0.011111111		0.030555556	0.012108053
691	13	0.036111111		9	0.025		0.011111111	0.013028933
692	20	0.055555556		4	0.011111111		0.044444444	0.013608276
693	10	0.027777778		4	0.011111111		0.016666667	0.010393493
694	11	0.030555556		2	0.005555556		0.025	0.01001542
695	18	0.05		1	0.002777778		0.047222222	0.012108053
696	13	0.036111111		5	0.013888889		0.022222222	0.011785113
697	17	0.047222222		6	0.016666667		0.030555556	0.013321754
698	9	0.025		1	0.002777778		0.022222222	0.008784105
699	15	0.041666667		3	0.008333333		0.033333333	0.011785113
700	15	0.041666667		5	0.013888889		0.027777778	0.0124226
701	11	0.030555556		9	0.025		0.005555556	0.0124226
702	12	0.033333333		7	0.019444444		0.013888889	0.012108053
703	10	0.027777778		2	0.005555556		0.022222222	0.009622504
704	20	0.055555556		2	0.005555556		0.05	0.013028933
705	15	0.041666667		3	0.008333333		0.033333333	0.011785113
706	15	0.041666667		5	0.013888889		0.027777778	0.0124226
707	12	0.033333333		4	0.011111111		0.022222222	0.011111111
708	17	0.047222222		4	0.011111111		0.036111111	0.012729377
709	18	0.05		5	0.013888889		0.036111111	0.013321754
710	7	0.019444444		1	0.002777778		0.016666667	0.007856742
711	15	0.041666667		8	0.022222222		0.019444444	0.013321754
712	11	0.030555556		6	0.016666667		0.013888889	0.011453071
713	8	0.022222222		6	0.016666667		0.005555556	0.010393493
714	17	0.047222222		7	0.019444444		0.027777778	0.013608276
715	14	0.038888889		6	0.016666667		0.022222222	0.0124226
716	11	0.030555556		5	0.013888889		0.016666667	0.011111111
717	13	0.036111111		2	0.005555556		0.030555556	0.010758287
718	17	0.047222222		1	0.002777778		0.044444444	0.011785113
719	27	0.075		5	0.013888889		0.061111111	0.015713484
720	13	0.036111111		3	0.008333333		0.027777778	0.011111111
721	15	0.041666667		7	0.019444444		0.022222222	0.013028933
722	16	0.044444444		1	0.002777778		0.041666667	0.011453071
723	7	0.019444444		3	0.008333333		0.011111111	0.008784105
724	17	0.047222222		7	0.019444444		0.027777778	0.013608276
725	12	0.033333333		3	0.008333333		0.025	0.010758287
726	16	0.044444444		4	0.011111111		0.033333333	0.0124226
727	14	0.038888889		5	0.013888889		0.025	0.012108053
728	14	0.038888889		5	0.013888889		0.025	0.012108053
729	16	0.044444444		6	0.016666667		0.027777778	0.013028933
730	15	0.041666667		9	0.025		0.016666667	0.013608276
731	13	0.036111111		4	0.011111111		0.025	0.011453071
732	13	0.036111111		5	0.013888889		0.022222222	0.011785113
733	9	0.025		4	0.011111111		0.013888889	0.01001542
734	10	0.027777778		6	0.016666667		0.011111111	0.011111111
735	8	0.022222222		1	0.002777778		0.019444444	0.008333333
736	17	0.047222222		0	0		0.047222222	0.011453071
737	15	0.041666667		3	0.008333333		0.033333333	0.011785113
738	12	0.033333333		5	0.013888889		0.019444444	0.011453071
739	14	0.038888889		3	0.008333333		0.030555556	0.011453071
740	12	0.033333333		2	0.005555556		0.027777778	0.010393493
741	14	0.038888889		6	0.016666667		0.022222222	0.0124226
742	15	0.041666667		5	0.013888889		0.027777778	0.0124226
743	12	0.033333333		4	0.011111111		0.022222222	0.011111111
744	11	0.030555556		7	0.019444444		0.011111111	0.011785113
745	14	0.038888889		2	0.005555556		0.033333333	0.011111111
746	13	0.036111111		8	0.022222222		0.013888889	0.012729377
747	14	0.038888889		5	0.013888889		0.025	0.012108053
748	15	0.041666667		2	0.005555556		0.036111111	0.011453071
749	14	0.038888889		4	0.011111111		0.027777778	0.011785113
750	12	0.033333333		3	0.008333333		0.025	0.010758287
751	12	0.033333333		3	0.008333333		0.025	0.010758287
752	12	0.033333333		4	0.011111111		0.022222222	0.011111111
753	11	0.030555556		3	0.008333333		0.022222222	0.010393493
754	14	0.038888889		3	0.008333333		0.030555556	0.011453071
755	13	0.036111111		1	0.002777778		0.033333333	0.010393493
756	12	0.033333333		1	0.002777778		0.030555556	0.01001542
757	10	0.027777778		1	0.002777778		0.025	0.009212847
758	10	0.027777778		2	0.005555556		0.022222222	0.009622504
759	16	0.044444444		4	0.011111111		0.033333333	0.0124226
760	9	0.025		4	0.011111111		0.013888889	0.01001542
761	12	0.033333333		3	0.008333333		0.025	0.010758287
762	12	0.033333333		3	0.008333333		0.025	0.010758287
763	17	0.047222222		1	0.002777778		0.044444444	0.011785113
764	20	0.055555556		2	0.005555556		0.05	0.013028933
765	11	0.030555556		10	0.027777778		0.002777778	0.012729377
766	13	0.036111111		4	0.011111111		0.025	0.011453071
767	13	0.036111111		4	0.011111111		0.025	0.011453071
768	16	0.044444444		3	0.008333333		0.036111111	0.012108053
769	12	0.033333333		4	0.011111111		0.022222222	0.011111111
770	15	0.041666667		2	0.005555556		0.036111111	0.011453071
771	9	0.025		4	0.011111111		0.013888889	0.01001542
772	14	0.038888889		4	0.011111111		0.027777778	0.011785113
773	15	0.041666667		4	0.011111111		0.030555556	0.012108053
774	5	0.013888889		2	0.005555556		0.008333333	0.007349309
775	10	0.027777778		5	0.013888889		0.013888889	0.010758287
776	15	0.041666667		3	0.008333333		0.033333333	0.011785113
777	15	0.041666667		3	0.008333333		0.033333333	0.011785113
778	16	0.044444444		7	0.019444444		0.025	0.013321754
779	17	0.047222222		3	0.008333333		0.038888889	0.0124226
780	20	0.055555556		3	0.008333333		0.047222222	0.013321754
781	5	0.013888889		4	0.011111111		0.002777778	0.008333333
782	12	0.033333333		2	0.005555556		0.027777778	0.010393493
783	8	0.022222222		2	0.005555556		0.016666667	0.008784105
784	9	0.025		6	0.016666667		0.008333333	0.010758287
785	7	0.019444444		4	0.011111111		0.008333333	0.009212847
786	11	0.030555556		4	0.011111111		0.019444444	0.010758287
787	6	0.016666667		6	0.016666667		0	0.009622504
788	14	0.038888889		7	0.019444444		0.019444444	0.012729377
789	14	0.038888889		2	0.005555556		0.033333333	0.011111111
790	9	0.025		5	0.013888889		0.011111111	0.010393493
791	9	0.025		3	0.008333333		0.016666667	0.009622504
792	10	0.027777778		6	0.016666667		0.011111111	0.011111111
793	7	0.019444444		2	0.005555556		0.013888889	0.008333333
794	10	0.027777778		2	0.005555556		0.022222222	0.009622504
795	11	0.030555556		4	0.011111111		0.019444444	0.010758287
796	6	0.016666667		4	0.011111111		0.005555556	0.008784105
797	8	0.022222222		1	0.002777778		0.019444444	0.008333333
798	6	0.016666667		2	0.005555556		0.011111111	0.007856742
799	13	0.036111111		2	0.005555556		0.030555556	0.010758287
800	13	0.036111111		1	0.002777778		0.033333333	0.010393493
801	11	0.030555556		4	0.011111111		0.019444444	0.010758287
802	17	0.047222222		2	0.005555556		0.041666667	0.012108053
803	12	0.033333333		3	0.008333333		0.025	0.010758287
804	11	0.030555556		6	0.016666667		0.013888889	0.011453071
805	15	0.041666667		3	0.008333333		0.033333333	0.011785113
806	14	0.038888889		2	0.005555556		0.033333333	0.011111111
807	9	0.025		4	0.011111111		0.013888889	0.01001542
808	8	0.022222222		4	0.011111111		0.011111111	0.009622504
809	8	0.022222222		4	0.011111111		0.011111111	0.009622504
810	13	0.036111111		1	0.002777778		0.033333333	0.010393493
811	11	0.030555556		2	0.005555556		0.025	0.01001542
812	14	0.038888889		4	0.011111111		0.027777778	0.011785113
813	17	0.047222222		3	0.008333333		0.038888889	0.0124226
814	6	0.016666667		3	0.008333333		0.008333333	0.008333333
815	14	0.038888889		2	0.005555556		0.033333333	0.011111111
816	9	0.025		4	0.011111111		0.013888889	0.01001542
817	10	0.027777778		2	0.005555556		0.022222222	0.009622504
818	9	0.025		2	0.005555556		0.019444444	0.009212847
819	11	0.030555556		3	0.008333333		0.022222222	0.010393493
820	10	0.027777778		3	0.008333333		0.019444444	0.01001542
821	12	0.033333333		2	0.005555556		0.027777778	0.010393493
822	9	0.025		6	0.016666667		0.008333333	0.010758287
823	11	0.030555556		7	0.019444444		0.011111111	0.011785113
824	9	0.025		6	0.016666667		0.008333333	0.010758287
825	14	0.038888889		5	0.013888889		0.025	0.012108053
826	7	0.019444444		3	0.008333333		0.011111111	0.008784105
827	9	0.025		1	0.002777778		0.022222222	0.008784105
828	13	0.036111111		4	0.011111111		0.025	0.011453071
829	10	0.027777778		3	0.008333333		0.019444444	0.01001542
830	10	0.027777778		5	0.013888889		0.013888889	0.010758287
831	8	0.022222222		1	0.002777778		0.019444444	0.008333333
832	10	0.027777778		4	0.011111111		0.016666667	0.010393493
833	12	0.033333333		0	0		0.033333333	0.009622504
834	13	0.036111111		2	0.005555556		0.030555556	0.010758287
835	9	0.025		0	0		0.025	0.008333333
836	8	0.022222222		3	0.008333333		0.013888889	0.009212847
837	12	0.033333333		7	0.019444444		0.013888889	0.012108053
838	12	0.033333333		4	0.011111111		0.022222222	0.011111111
839	10	0.027777778		3	0.008333333		0.019444444	0.01001542
840	13	0.036111111		3	0.008333333		0.027777778	0.011111111
841	10	0.027777778		7	0.019444444		0.008333333	0.011453071
842	7	0.019444444		3	0.008333333		0.011111111	0.008784105
843	9	0.025		6	0.016666667		0.008333333	0.010758287
844	6	0.016666667		0	0		0.016666667	0.006804138
845	9	0.025		3	0.008333333		0.016666667	0.009622504
846	6	0.016666667		9	0.025		-0.008333333	0.010758287
847	8	0.022222222		1	0.002777778		0.019444444	0.008333333
848	11	0.030555556		5	0.013888889		0.016666667	0.011111111
849	7	0.019444444		6	0.016666667		0.002777778	0.01001542
850	7	0.019444444		6	0.016666667		0.002777778	0.01001542
851	9	0.025		3	0.008333333		0.016666667	0.009622504
852	7	0.019444444		5	0.013888889		0.005555556	0.009622504
853	12	0.033333333		4	0.011111111		0.022222222	0.011111111
854	5	0.013888889		4	0.011111111		0.002777778	0.008333333
855	8	0.022222222		1	0.002777778		0.019444444	0.008333333
856	11	0.030555556		2	0.005555556		0.025	0.01001542
857	12	0.033333333		1	0.002777778		0.030555556	0.01001542
858	9	0.025		2	0.005555556		0.019444444	0.009212847
859	6	0.016666667		1	0.002777778		0.013888889	0.007349309
860	11	0.030555556		4	0.011111111		0.019444444	0.010758287
861	14	0.038888889		3	0.008333333		0.030555556	0.011453071
862	8	0.022222222		4	0.011111111		0.011111111	0.009622504
863	15	0.041666667		1	0.002777778		0.038888889	0.011111111
864	4	0.011111111		2	0.005555556		0.005555556	0.006804138
865	9	0.025		7	0.019444444		0.005555556	0.011111111
866	9	0.025		2	0.005555556		0.019444444	0.009212847
867	10	0.027777778		3	0.008333333		0.019444444	0.01001542
868	10	0.027777778		5	0.013888889		0.013888889	0.010758287
869	6	0.016666667		3	0.008333333		0.008333333	0.008333333
870	7	0.019444444		2	0.005555556		0.013888889	0.008333333
871	14	0.038888889		2	0.005555556		0.033333333	0.011111111
872	12	0.033333333		0	0		0.033333333	0.009622504
873	10	0.027777778		5	0.013888889		0.013888889	0.010758287
874	12	0.033333333		0	0		0.033333333	0.009622504
875	12	0.033333333		2	0.005555556		0.027777778	0.010393493
876	3	0.008333333		2	0.005555556		0.002777778	0.0062113
877	12	0.033333333		4	0.011111111		0.022222222	0.011111111
878	10	0.027777778		3	0.008333333		0.019444444	0.01001542
879	12	0.033333333		3	0.008333333		0.025	0.010758287
880	9	0.025		4	0.011111111		0.013888889	0.01001542
881	10	0.027777778		2	0.005555556		0.022222222	0.009622504
882	9	0.025		2	0.005555556		0.019444444	0.009212847
883	9	0.025		3	0.008333333		0.016666667	0.009622504
884	6	0.016666667		4	0.011111111		0.005555556	0.008784105
885	11	0.030555556		5	0.013888889		0.016666667	0.011111111
886	14	0.038888889		3	0.008333333		0.030555556	0.011453071
887	8	0.022222222		5	0.013888889		0.008333333	0.01001542
888	7	0.019444444		5	0.013888889		0.005555556	0.009622504
889	6	0.016666667		3	0.008333333		0.008333333	0.008333333
890	9	0.025		1	0.002777778		0.022222222	0.008784105
891	8	0.022222222		2	0.005555556		0.016666667	0.008784105
892	5	0.013888889		3	0.008333333		0.005555556	0.007856742
893	11	0.030555556		3	0.008333333		0.022222222	0.010393493
894	8	0.022222222		4	0.011111111		0.011111111	0.009622504
895	7	0.019444444		1	0.002777778		0.016666667	0.007856742
896	13	0.036111111		3	0.008333333		0.027777778	0.011111111
897	8	0.022222222		3	0.008333333		0.013888889	0.009212847
898	9	0.025		1	0.002777778		0.022222222	0.008784105
899	10	0.027777778		1	0.002777778		0.025	0.009212847
900	10	0.027777778		4	0.011111111		0.016666667	0.010393493
901	15	0.041666667		2	0.005555556		0.036111111	0.011453071
902	11	0.030555556		3	0.008333333		0.022222222	0.010393493
903	6	0.016666667		1	0.002777778		0.013888889	0.007349309
904	12	0.033333333		2	0.005555556		0.027777778	0.010393493
905	4	0.011111111		3	0.008333333		0.002777778	0.007349309
906	10	0.027777778		2	0.005555556		0.022222222	0.009622504
907	8	0.022222222		6	0.016666667		0.005555556	0.010393493
908	8	0.022222222		5	0.013888889		0.008333333	0.01001542
909	8	0.022222222		3	0.008333333		0.013888889	0.009212847
910	4	0.011111111		2	0.005555556		0.005555556	0.006804138
911	10	0.027777778		3	0.008333333		0.019444444	0.01001542
912	13	0.036111111		2	0.005555556		0.030555556	0.010758287
913	17	0.047222222		3	0.008333333		0.038888889	0.0124226
914	9	0.025		0	0		0.025	0.008333333
915	4	0.011111111		2	0.005555556		0.005555556	0.006804138
916	9	0.025		4	0.011111111		0.013888889	0.01001542
917	13	0.036111111		2	0.005555556		0.030555556	0.010758287
918	6	0.016666667		2	0.005555556		0.011111111	0.007856742
919	9	0.025		2	0.005555556		0.019444444	0.009212847
920	6	0.016666667		2	0.005555556		0.011111111	0.007856742
921	9	0.025		2	0.005555556		0.019444444	0.009212847
922	11	0.030555556		1	0.002777778		0.027777778	0.009622504
923	5	0.013888889		3	0.008333333		0.005555556	0.007856742
924	7	0.019444444		3	0.008333333		0.011111111	0.008784105
925	7	0.019444444		4	0.011111111		0.008333333	0.009212847
926	8	0.022222222		3	0.008333333		0.013888889	0.009212847
927	8	0.022222222		2	0.005555556		0.016666667	0.008784105
928	6	0.016666667		2	0.005555556		0.011111111	0.007856742
929	10	0.027777778		1	0.002777778		0.025	0.009212847
930	8	0.022222222		3	0.008333333		0.013888889	0.009212847
931	2	0.005555556		3	0.008333333		-0.002777778	0.0062113
932	5	0.013888889		3	0.008333333		0.005555556	0.007856742
933	9	0.025		4	0.011111111		0.013888889	0.01001542
934	6	0.016666667		2	0.005555556		0.011111111	0.007856742
935	4	0.011111111		4	0.011111111		0	0.007856742
936	6	0.016666667		3	0.008333333		0.008333333	0.008333333
937	9	0.025		0	0		0.025	0.008333333
938	8	0.022222222		0	0		0.022222222	0.007856742
939	10	0.027777778		6	0.016666667		0.011111111	0.011111111
940	8	0.022222222		3	0.008333333		0.013888889	0.009212847
941	5	0.013888889		3	0.008333333		0.005555556	0.007856742
942	7	0.019444444		1	0.002777778		0.016666667	0.007856742
943	9	0.025		3	0.008333333		0.016666667	0.009622504
944	7	0.019444444		0	0		0.019444444	0.007349309
945	8	0.022222222		3	0.008333333		0.013888889	0.009212847
946	4	0.011111111		5	0.013888889		-0.002777778	0.008333333
947	10	0.027777778		4	0.011111111		0.016666667	0.010393493
948	5	0.013888889		3	0.008333333		0.005555556	0.007856742
949	9	0.025		3	0.008333333		0.016666667	0.009622504
950	7	0.019444444		3	0.008333333		0.011111111	0.008784105
951	8	0.022222222		2	0.005555556		0.016666667	0.008784105
952	9	0.025		1	0.002777778		0.022222222	0.008784105
953	6	0.016666667		4	0.011111111		0.005555556	0.008784105
954	5	0.013888889		5	0.013888889		0	0.008784105
955	10	0.027777778		2	0.005555556		0.022222222	0.009622504
956	8	0.022222222		1	0.002777778		0.019444444	0.008333333
957	7	0.019444444		3	0.008333333		0.011111111	0.008784105
958	7	0.019444444		2	0.005555556		0.013888889	0.008333333
959	10	0.027777778		1	0.002777778		0.025	0.009212847
960	7	0.019444444		2	0.005555556		0.013888889	0.008333333
961	7	0.019444444		1	0.002777778		0.016666667	0.007856742
962	4	0.011111111		2	0.005555556		0.005555556	0.006804138
963	8	0.022222222		3	0.008333333		0.013888889	0.009212847
964	9	0.025		4	0.011111111		0.013888889	0.01001542
965	6	0.016666667		4	0.011111111		0.005555556	0.008784105
966	7	0.019444444		2	0.005555556		0.013888889	0.008333333
967	8	0.022222222		0	0		0.022222222	0.007856742
968	6	0.016666667		2	0.005555556		0.011111111	0.007856742
969	10	0.027777778		4	0.011111111		0.016666667	0.010393493
970	6	0.016666667		3	0.008333333		0.008333333	0.008333333
971	9	0.025		4	0.011111111		0.013888889	0.01001542
972	9	0.025		7	0.019444444		0.005555556	0.011111111
973	4	0.011111111		2	0.005555556		0.005555556	0.006804138
974	5	0.013888889		6	0.016666667		-0.002777778	0.009212847
975	5	0.013888889		1	0.002777778		0.011111111	0.006804138
976	8	0.022222222		3	0.008333333		0.013888889	0.009212847
977	7	0.019444444		2	0.005555556		0.013888889	0.008333333
978	7	0.019444444		1	0.002777778		0.016666667	0.007856742
979	11	0.030555556		2	0.005555556		0.025	0.01001542
980	4	0.011111111		3	0.008333333		0.002777778	0.007349309
981	5	0.013888889		2	0.005555556		0.008333333	0.007349309
982	4	0.011111111		0	0		0.011111111	0.005555556
983	9	0.025		1	0.002777778		0.022222222	0.008784105
984	6	0.016666667		2	0.005555556		0.011111111	0.007856742
985	10	0.027777778		2	0.005555556		0.022222222	0.009622504
986	8	0.022222222		2	0.005555556		0.016666667	0.008784105
987	6	0.016666667		0	0		0.016666667	0.006804138
988	6	0.016666667		3	0.008333333		0.008333333	0.008333333
989	3	0.008333333		0	0		0.008333333	0.004811252
990	7	0.019444444		3	0.008333333		0.011111111	0.008784105
991	10	0.027777778		2	0.005555556		0.022222222	0.009622504
992	8	0.022222222		5	0.013888889		0.008333333	0.01001542
993	0	0		0	0		0	0
994	0	0		0	0		0	0
995	0	0		0	0		0	0
996	0	0		0	0		0	0
997	0	0		0	0		0	0
998	0	0		0	0		0	0
999	0	0		0	0		0	0
1000	0	0		0	0		0	0
1001	0	0		0	0		0	0
1002	0	0		0	0		0	0
1003	0	0		0	0		0	0
1004	0	0		0	0		0	0
1005	0	0		0	0		0	0
1006	0	0		0	0		0	0
1007	0	0		0	0		0	0
1008	0	0		0	0		0	0
1009	0	0		0	0		0	0
1010	0	0		0	0		0	0
1011	0	0		0	0		0	0
1012	0	0		0	0		0	0
1013	0	0		0	0		0	0
1014	0	0		0	0		0	0
1015	0	0		0	0		0	0
1016	0	0		0	0		0	0
1017	0	0		0	0		0	0
1018	0	0		0	0		0	0
1019	0	0		0	0		0	0
1020	0	0		0	0		0	0
1021	0	0		0	0		0	0
1022	0	0		0	0		0	0
1023	0	0		0	0		0	0
1024	0	0		0	0		0	0