1	0	0		0	0		0	0
2	0	0		0	0		0	0
3	0	0		0	0		0	0
4	0	0		0	0		0	0
5	0	0		0	0		0	0
6	0	0		0	0		0	0
7	0	0		0	0		0	0
8	0	0		0	0		0	0
9	0	0		0	0		0	0
10	0	0		0	0		0	0
11	0	0		0	0		0	0
12	0	0		0	0		0	0
13	0	0		0	0		0	0
14	0	0		0	0		0	0
15	0	0		0	0		0	0
16	0	0		0	0		0	0
17	0	0		0	0		0	0
18	0	0		0	0		0	0
19	0	0		0	0		0	0
20	0	0		0	0		0	0
21	0	0		0	0		0	0
22	0	0		0	0		0	0
23	0	0		0	0		0	0
24	0	0		0	0		0	0
25	0	0		0	0		0	0
26	0	0		0	0		0	0
27	0	0		0	0		0	0
28	0	0		0	0		0	0
29	0	0		0	0		0	0
30	209	0.580555556		250	0.694444444		-0.113888889	0.003136553
31	1988	5.522222222		2281	6.336111111		-0.813888889	0.009565536
32	1998	5.55		2334	6.483333333		-0.933333333	0.00963586
33	1930	5.361111111		2161	6.002777778		-0.641666667	0.009363991
34	1663	4.619444444		1898	5.272222222		-0.652777778	0.008736394
35	1556	4.322222222		1847	5.130555556		-0.808333333	0.008540381
36	1504	4.177777778		1709	4.747222222		-0.569444444	0.008298538
37	1476	4.1		1566	4.35		-0.25	0.00807469
38	1372	3.811111111		1556	4.322222222		-0.511111111	0.007921944
39	1315	3.652777778		1426	3.961111111		-0.308333333	0.007664799
40	1308	3.633333333		1386	3.85		-0.216666667	0.007598801
41	1281	3.558333333		1278	3.55		0.008333333	0.007405961
42	1147	3.186111111		1303	3.619444444		-0.433333333	0.007246517
43	1118	3.105555556		1252	3.477777778		-0.372222222	0.007127224
44	1069	2.969444444		1234	3.427777778		-0.458333333	0.007025759
45	1010	2.805555556		1139	3.163888889		-0.358333333	0.006786791
46	983	2.730555556		1129	3.136111111		-0.405555556	0.006728112
47	940	2.611111111		1089	3.025		-0.413888889	0.006594582
48	912	2.533333333		977	2.713888889		-0.180555556	0.006363004
49	915	2.541666667		985	2.736111111		-0.194444444	0.006381504
50	847	2.352777778		920	2.555555556		-0.202777778	0.0061541
51	845	2.347222222		944	2.622222222		-0.275	0.006192292
52	829	2.302777778		896	2.488888889		-0.186111111	0.006080521
53	764	2.122222222		832	2.311111111		-0.188888889	0.005848745
54	752	2.088888889		805	2.236111111		-0.147222222	0.005776843
55	748	2.077777778		810	2.25		-0.172222222	0.005778698
56	713	1.980555556		696	1.933333333		0.047222222	0.005495431
57	710	1.972222222		740	2.055555556		-0.083333333	0.005574812
58	662	1.838888889		698	1.938888889		-0.1	0.00539903
59	654	1.816666667		686	1.905555556		-0.088888889	0.005359184
60	558	1.55		670	1.861111111		-0.311111111	0.005130332
61	605	1.680555556		638	1.772222222		-0.091666667	0.00516157
62	595	1.652777778		615	1.708333333		-0.055555556	0.005092593
63	549	1.525		610	1.694444444		-0.169444444	0.004984114
64	527	1.463888889		622	1.727777778		-0.263888889	0.004962566
65	516	1.433333333		566	1.572222222		-0.138888889	0.004815705
66	506	1.405555556		588	1.633333333		-0.227777778	0.004842336
67	523	1.452777778		524	1.455555556		-0.002777778	0.004737177
68	495	1.375		536	1.488888889		-0.113888889	0.004700841
69	462	1.283333333		516	1.433333333		-0.15	0.00457842
70	482	1.338888889		474	1.316666667		0.022222222	0.004526632
71	507	1.408333333		466	1.294444444		0.113888889	0.004566702
72	440	1.222222222		466	1.294444444		-0.072222222	0.004406668
73	447	1.241666667		440	1.222222222		0.019444444	0.004360217
74	407	1.130555556		432	1.2		-0.069444444	0.004240599
75	399	1.108333333		387	1.075		0.033333333	0.004104474
76	426	1.183333333		399	1.108333333		0.075	0.00420507
77	382	1.061111111		403	1.119444444		-0.058333333	0.004101862
78	389	1.080555556		382	1.061111111		0.019444444	0.004065121
79	359	0.997222222		396	1.1		-0.102777778	0.004022719
80	342	0.95		385	1.069444444		-0.119444444	0.003947421
81	354	0.983333333		364	1.011111111		-0.027777778	0.003922911
82	320	0.888888889		348	0.966666667		-0.077777778	0.003783855
83	326	0.905555556		341	0.947222222		-0.041666667	0.003781022
84	317	0.880555556		325	0.902777778		-0.022222222	0.003709486
85	300	0.833333333		302	0.838888889		-0.005555556	0.003592068
86	322	0.894444444		331	0.919444444		-0.025	0.00374113
87	309	0.858333333		283	0.786111111		0.072222222	0.003562108
88	280	0.777777778		305	0.847222222		-0.069444444	0.003540986
89	300	0.833333333		321	0.891666667		-0.058333333	0.003648313
90	273	0.758333333		251	0.697222222		0.061111111	0.003351289
91	285	0.791666667		276	0.766666667		0.025	0.00346759
92	290	0.805555556		281	0.780555556		0.025	0.003498358
93	271	0.752777778		263	0.730555556		0.022222222	0.003383116
94	220	0.611111111		279	0.775		-0.163888889	0.003270367
95	289	0.802777778		265	0.736111111		0.066666667	0.003445888
96	250	0.694444444		272	0.755555556		-0.061111111	0.003344887
97	243	0.675		271	0.752777778		-0.077777778	0.003319157
98	236	0.655555556		214	0.594444444		0.061111111	0.00310565
99	237	0.658333333		243	0.675		-0.016666667	0.003207501
100	254	0.705555556		266	0.738888889		-0.033333333	0.003338473
101	224	0.622222222		233	0.647222222		-0.025	0.003129712
102	229	0.636111111		226	0.627777778		0.008333333	0.003122856
103	224	0.622222222		192	0.533333333		0.088888889	0.002986021
104	263	0.730555556		184	0.511111111		0.219444444	0.00309528
105	203	0.563888889		214	0.594444444		-0.030555556	0.002989608
106	213	0.591666667		178	0.494444444		0.097222222	0.002894907
107	238	0.661111111		194	0.538888889		0.122222222	0.003042903
108	207	0.575		202	0.561111111		0.013888889	0.002960792
109	233	0.647222222		188	0.522222222		0.125	0.003003913
110	193	0.536111111		192	0.533333333		0.002777778	0.00287261
111	224	0.622222222		174	0.483333333		0.138888889	0.002920706
112	188	0.522222222		188	0.522222222		0	0.002838835
113	205	0.569444444		164	0.455555556		0.113888889	0.002812286
114	228	0.633333333		169	0.469444444		0.163888889	0.002917034
115	203	0.563888889		140	0.388888889		0.175	0.002711398
116	204	0.566666667		134	0.372222222		0.194444444	0.002691563
117	214	0.594444444		167	0.463888889		0.130555556	0.002857648
118	174	0.483333333		160	0.444444444		0.038888889	0.002675589
119	180	0.5		157	0.436111111		0.063888889	0.002687579
120	205	0.569444444		154	0.427777778		0.141666667	0.002773917
121	253	0.702777778		151	0.419444444		0.283333333	0.002942639
122	219	0.608333333		143	0.397222222		0.211111111	0.002785483
123	226	0.627777778		124	0.344444444		0.283333333	0.002738926
124	191	0.530555556		151	0.419444444		0.111111111	0.002707443
125	199	0.552777778		152	0.422222222		0.130555556	0.002742836
126	185	0.513888889		126	0.35		0.163888889	0.002581823
127	191	0.530555556		125	0.347222222		0.183333333	0.002602494
128	193	0.536111111		133	0.369444444		0.166666667	0.002643352
129	181	0.502777778		117	0.325		0.177777778	0.002527286
130	204	0.566666667		117	0.325		0.241666667	0.002623003
131	164	0.455555556		128	0.355555556		0.1	0.002501714
132	193	0.536111111		125	0.347222222		0.188888889	0.002610717
133	173	0.480555556		113	0.313888889		0.166666667	0.002475878
134	195	0.541666667		109	0.302777778		0.238888889	0.002552602
135	188	0.522222222		128	0.355555556		0.166666667	0.002602494
136	188	0.522222222		124	0.344444444		0.177777778	0.00258597
137	209	0.580555556		101	0.280555556		0.3	0.002577669
138	179	0.497222222		104	0.288888889		0.208333333	0.002462859
139	185	0.513888889		117	0.325		0.188888889	0.002544191
140	186	0.516666667		107	0.297222222		0.219444444	0.002505994
141	170	0.472222222		105	0.291666667		0.180555556	0.002427798
142	191	0.530555556		99	0.275		0.255555556	0.002493132
143	172	0.477777778		88	0.244444444		0.233333333	0.002360657
144	206	0.572222222		84	0.233333333		0.338888889	0.002493132
145	174	0.483333333		84	0.233333333		0.25	0.00235156
146	170	0.472222222		94	0.261111111		0.211111111	0.002378747
147	174	0.483333333		90	0.25		0.233333333	0.002378747
148	165	0.458333333		103	0.286111111		0.172222222	0.0023967
149	180	0.5		100	0.277777778		0.222222222	0.00244977
150	175	0.486111111		94	0.261111111		0.225	0.002401167
151	164	0.455555556		84	0.233333333		0.222222222	0.002305537
152	186	0.516666667		81	0.225		0.291666667	0.002392224
153	189	0.525		87	0.241666667		0.283333333	0.002432208
154	174	0.483333333		81	0.225		0.258333333	0.002337848
155	152	0.422222222		103	0.286111111		0.136111111	0.002337848
156	198	0.55		81	0.225		0.325	0.002445391
157	170	0.472222222		66	0.183333333		0.288888889	0.002249066
158	162	0.45		82	0.227777778		0.222222222	0.002286868
159	174	0.483333333		76	0.211111111		0.272222222	0.002314815
160	161	0.447222222		70	0.194444444		0.252777778	0.002225114
161	168	0.466666667		71	0.197222222		0.269444444	0.002263316
162	162	0.45		66	0.183333333		0.266666667	0.002210618
163	157	0.436111111		76	0.211111111		0.225	0.002234726
164	173	0.480555556		64	0.177777778		0.302777778	0.002253826
165	148	0.411111111		52	0.144444444		0.266666667	0.002070433
166	167	0.463888889		65	0.180555556		0.283333333	0.002229925
167	185	0.513888889		74	0.205555556		0.308333333	0.002356113
168	164	0.455555556		61	0.169444444		0.286111111	0.002196026
169	186	0.516666667		68	0.188888889		0.327777778	0.00233326
170	170	0.472222222		58	0.161111111		0.311111111	0.002210618
171	170	0.472222222		90	0.25		0.222222222	0.002360657
172	179	0.497222222		66	0.183333333		0.313888889	0.00229155
173	176	0.488888889		54	0.15		0.338888889	0.002220292
174	180	0.5		54	0.15		0.35	0.002239516
175	152	0.422222222		59	0.163888889		0.258333333	0.002126608
176	162	0.45		44	0.122222222		0.327777778	0.00210126
177	154	0.427777778		54	0.15		0.277777778	0.002111436
178	158	0.438888889		49	0.136111111		0.302777778	0.002106354
179	156	0.433333333		60	0.166666667		0.266666667	0.002151657
180	148	0.411111111		48	0.133333333		0.277777778	0.002049624
181	184	0.511111111		49	0.136111111		0.375	0.002234726
182	164	0.455555556		51	0.141666667		0.313888889	0.002146671
183	160	0.444444444		43	0.119444444		0.325	0.002085904
184	156	0.433333333		48	0.133333333		0.3	0.002091035
185	145	0.402777778		53	0.147222222		0.255555556	0.002060055
186	172	0.477777778		55	0.152777778		0.325	0.002205765
187	170	0.472222222		43	0.119444444		0.352777778	0.002136663
188	162	0.45		38	0.105555556		0.344444444	0.002070433
189	147	0.408333333		56	0.155555556		0.252777778	0.002085904
190	152	0.422222222		39	0.108333333		0.313888889	0.002023312
191	178	0.494444444		52	0.144444444		0.35	0.002220292
192	196	0.544444444		38	0.105555556		0.438888889	0.002239516
193	154	0.427777778		47	0.130555556		0.297222222	0.002075603
194	156	0.433333333		48	0.133333333		0.3	0.002091035
195	182	0.505555556		30	0.083333333		0.422222222	0.002131642
196	155	0.430555556		36	0.1		0.330555556	0.002023312
197	157	0.436111111		55	0.152777778		0.283333333	0.002131642
198	162	0.45		40	0.111111111		0.338888889	0.00208076
199	160	0.444444444		43	0.119444444		0.325	0.002085904
200	172	0.477777778		41	0.113888889		0.363888889	0.002136663
201	169	0.469444444		41	0.113888889		0.355555556	0.002121563
202	134	0.372222222		49	0.136111111		0.236111111	0.001980486
203	150	0.416666667		36	0.1		0.316666667	0.001996654
204	154	0.427777778		39	0.108333333		0.319444444	0.002033878
205	180	0.5		25	0.069444444		0.430555556	0.002096154
206	136	0.377777778		39	0.108333333		0.269444444	0.001936713
207	171	0.475		31	0.086111111		0.388888889	0.00208076
208	152	0.422222222		33	0.091666667		0.330555556	0.001991279
209	138	0.383333333		36	0.1		0.283333333	0.001931172
210	151	0.419444444		40	0.111111111		0.308333333	0.002023312
211	147	0.408333333		32	0.088888889		0.319444444	0.001958722
212	134	0.372222222		36	0.1		0.272222222	0.001908845
213	154	0.427777778		34	0.094444444		0.333333333	0.00200736
214	119	0.330555556		33	0.091666667		0.238888889	0.001804962
215	139	0.386111111		35	0.097222222		0.288888889	0.001931172
216	135	0.375		28	0.077777778		0.297222222	0.001869132
217	147	0.408333333		43	0.119444444		0.288888889	0.002018009
218	132	0.366666667		20	0.055555556		0.311111111	0.001804962
219	154	0.427777778		28	0.077777778		0.35	0.001975068
220	153	0.425		29	0.080555556		0.344444444	0.001975068
221	153	0.425		41	0.113888889		0.311111111	0.00203914
222	117	0.325		31	0.086111111		0.238888889	0.001781054
223	150	0.416666667		24	0.066666667		0.35	0.001931172
224	141	0.391666667		29	0.080555556		0.311111111	0.001908845
225	137	0.380555556		23	0.063888889		0.316666667	0.001851852
226	154	0.427777778		37	0.102777778		0.325	0.002023312
227	125	0.347222222		31	0.086111111		0.261111111	0.001828557
228	129	0.358333333		36	0.1		0.258333333	0.001880564
229	131	0.363888889		22	0.061111111		0.302777778	0.00181089
230	119	0.330555556		21	0.058333333		0.272222222	0.001732249
231	122	0.338888889		30	0.083333333		0.255555556	0.001804962
232	131	0.363888889		31	0.086111111		0.277777778	0.00186339
233	139	0.386111111		29	0.080555556		0.305555556	0.001897583
234	116	0.322222222		29	0.080555556		0.241666667	0.00176291
235	127	0.352777778		31	0.086111111		0.266666667	0.001840241
236	126	0.35		24	0.066666667		0.283333333	0.001793048
237	136	0.377777778		26	0.072222222		0.305555556	0.00186339
238	117	0.325		23	0.063888889		0.261111111	0.001732249
239	123	0.341666667		15	0.041666667		0.3	0.001719831
240	114	0.316666667		20	0.055555556		0.261111111	0.001694723
241	129	0.358333333		28	0.077777778		0.280555556	0.001834409
242	123	0.341666667		22	0.061111111		0.280555556	0.00176291
243	116	0.322222222		29	0.080555556		0.241666667	0.00176291
244	147	0.408333333		21	0.058333333		0.35	0.001897583
245	128	0.355555556		22	0.061111111		0.294444444	0.001793048
246	129	0.358333333		20	0.055555556		0.302777778	0.001787061
247	107	0.297222222		26	0.072222222		0.225	0.001688387
248	109	0.302777778		21	0.058333333		0.244444444	0.001669237
249	116	0.322222222		28	0.077777778		0.244444444	0.001756821
250	101	0.280555556		22	0.061111111		0.219444444	0.001623674
251	108	0.3		26	0.072222222		0.227777778	0.001694723
252	104	0.288888889		25	0.069444444		0.219444444	0.001662804
253	134	0.372222222		24	0.066666667		0.305555556	0.001840241
254	112	0.311111111		28	0.077777778		0.233333333	0.001732249
255	102	0.283333333		17	0.047222222		0.236111111	0.001597054
256	101	0.280555556		19	0.052777778		0.227777778	0.001603751
257	110	0.305555556		30	0.083333333		0.222222222	0.001732249
258	110	0.305555556		15	0.041666667		0.263888889	0.001636821
259	103	0.286111111		12	0.033333333		0.252777778	0.001569984
260	114	0.316666667		28	0.077777778		0.238888889	0.001744578
261	95	0.263888889		17	0.047222222		0.216666667	0.00154937
262	114	0.316666667		22	0.061111111		0.255555556	0.001707323
263	111	0.308333333		20	0.055555556		0.252777778	0.001675645
264	109	0.302777778		18	0.05		0.252777778	0.001649864
265	101	0.280555556		16	0.044444444		0.236111111	0.001583577
266	107	0.297222222		26	0.072222222		0.225	0.001688387
267	104	0.288888889		18	0.05		0.238888889	0.00161706
268	96	0.266666667		23	0.063888889		0.202777778	0.001597054
269	99	0.275		6	0.016666667		0.258333333	0.001500171
270	87	0.241666667		24	0.066666667		0.175	0.001542438
271	112	0.311111111		14	0.038888889		0.272222222	0.001643355
272	87	0.241666667		12	0.033333333		0.208333333	0.001456679
273	111	0.308333333		18	0.05		0.258333333	0.001662804
274	119	0.330555556		17	0.047222222		0.283333333	0.001707323
275	92	0.255555556		24	0.066666667		0.188888889	0.001576795
276	86	0.238888889		14	0.038888889		0.2	0.001464017
277	91	0.252777778		24	0.066666667		0.186111111	0.001569984
278	100	0.277777778		15	0.041666667		0.236111111	0.001569984
279	106	0.294444444		24	0.066666667		0.227777778	0.001669237
280	100	0.277777778		14	0.038888889		0.238888889	0.001563143
281	98	0.272222222		21	0.058333333		0.213888889	0.001597054
282	118	0.327777778		21	0.058333333		0.269444444	0.001726051
283	72	0.2		16	0.044444444		0.155555556	0.00137337
284	89	0.247222222		20	0.055555556		0.191666667	0.001528479
285	107	0.297222222		21	0.058333333		0.238888889	0.001656347
286	106	0.294444444		10	0.027777778		0.266666667	0.001576795
287	81	0.225		20	0.055555556		0.169444444	0.001471319
288	78	0.216666667		18	0.05		0.166666667	0.001434438
289	81	0.225		20	0.055555556		0.169444444	0.001471319
290	88	0.244444444		16	0.044444444		0.2	0.001493011
291	82	0.227777778		13	0.036111111		0.191666667	0.001426948
292	89	0.247222222		10	0.027777778		0.219444444	0.001456679
293	77	0.213888889		13	0.036111111		0.177777778	0.001388889
294	86	0.238888889		21	0.058333333		0.180555556	0.001514391
295	71	0.197222222		15	0.041666667		0.155555556	0.001357674
296	80	0.222222222		17	0.047222222		0.175	0.00144189
297	97	0.269444444		16	0.044444444		0.225	0.001556272
298	76	0.211111111		16	0.044444444		0.166666667	0.001404236
299	78	0.216666667		16	0.044444444		0.172222222	0.001419418
300	77	0.213888889		15	0.041666667		0.172222222	0.001404236
301	99	0.275		6	0.016666667		0.258333333	0.001500171
302	91	0.252777778		12	0.033333333		0.219444444	0.001485815
303	71	0.197222222		15	0.041666667		0.155555556	0.001357674
304	70	0.194444444		9	0.025		0.169444444	0.001301247
305	75	0.208333333		12	0.033333333		0.175	0.001365545
306	79	0.219444444		19	0.052777778		0.166666667	0.001449303
307	84	0.233333333		15	0.041666667		0.191666667	0.001456679
308	75	0.208333333		13	0.036111111		0.172222222	0.00137337
309	71	0.197222222		6	0.016666667		0.180555556	0.00128467
310	62	0.172222222		10	0.027777778		0.144444444	0.00124226
311	66	0.183333333		12	0.033333333		0.15	0.001292985
312	72	0.2		11	0.030555556		0.169444444	0.001333783
313	79	0.219444444		10	0.027777778		0.191666667	0.001381151
314	62	0.172222222		12	0.033333333		0.138888889	0.001259395
315	76	0.211111111		19	0.052777778		0.158333333	0.001426948
316	68	0.188888889		10	0.027777778		0.161111111	0.001292985
317	67	0.186111111		17	0.047222222		0.138888889	0.001341794
318	83	0.230555556		26	0.072222222		0.158333333	0.001528479
319	62	0.172222222		13	0.036111111		0.136111111	0.001267876
320	77	0.213888889		12	0.033333333		0.180555556	0.001381151
321	81	0.225		13	0.036111111		0.188888889	0.001419418
322	74	0.205555556		15	0.041666667		0.163888889	0.001381151
323	56	0.155555556		15	0.041666667		0.113888889	0.001233603
324	67	0.186111111		17	0.047222222		0.138888889	0.001341794
325	67	0.186111111		14	0.038888889		0.147222222	0.001317616
326	63	0.175		7	0.019444444		0.155555556	0.001224885
327	54	0.15		14	0.038888889		0.111111111	0.00120726
328	71	0.197222222		18	0.05		0.147222222	0.001381151
329	68	0.188888889		10	0.027777778		0.161111111	0.001292985
330	58	0.161111111		5	0.013888889		0.147222222	0.001162028
331	58	0.161111111		14	0.038888889		0.122222222	0.00124226
332	66	0.183333333		19	0.052777778		0.130555556	0.001349757
333	56	0.155555556		16	0.044444444		0.111111111	0.00124226
334	52	0.144444444		10	0.027777778		0.116666667	0.001152768
335	74	0.205555556		10	0.027777778		0.177777778	0.001341794
336	83	0.230555556		17	0.047222222		0.183333333	0.001464017
337	49	0.136111111		16	0.044444444		0.091666667	0.001180329
338	56	0.155555556		8	0.022222222		0.133333333	0.001171214
339	73	0.202777778		16	0.044444444		0.158333333	0.001381151
340	57	0.158333333		14	0.038888889		0.119444444	0.001233603
341	71	0.197222222		10	0.027777778		0.169444444	0.001317616
342	50	0.138888889		19	0.052777778		0.086111111	0.001216104
343	62	0.172222222		10	0.027777778		0.144444444	0.00124226
344	55	0.152777778		16	0.044444444		0.108333333	0.001233603
345	55	0.152777778		12	0.033333333		0.119444444	0.00119835
346	61	0.169444444		11	0.030555556		0.138888889	0.00124226
347	65	0.180555556		11	0.030555556		0.15	0.001276301
348	63	0.175		10	0.027777778		0.147222222	0.001250857
349	59	0.163888889		10	0.027777778		0.136111111	0.001216104
350	51	0.141666667		16	0.044444444		0.097222222	0.00119835
351	57	0.158333333		13	0.036111111		0.122222222	0.001224885
352	55	0.152777778		10	0.027777778		0.125	0.001180329
353	62	0.172222222		11	0.030555556		0.141666667	0.001250857
354	53	0.147222222		13	0.036111111		0.111111111	0.001189373
355	44	0.122222222		10	0.027777778		0.094444444	0.001075829
356	57	0.158333333		13	0.036111111		0.122222222	0.001224885
357	52	0.144444444		18	0.05		0.094444444	0.001224885
358	50	0.138888889		9	0.025		0.113888889	0.001124533
359	51	0.141666667		11	0.030555556		0.111111111	0.001152768
360	43	0.119444444		10	0.027777778		0.091666667	0.001065821
361	56	0.155555556		19	0.052777778		0.102777778	0.001267876
362	54	0.15		12	0.033333333		0.116666667	0.001189373
363	51	0.141666667		9	0.025		0.116666667	0.001134023
364	55	0.152777778		14	0.038888889		0.113888889	0.001216104
365	42	0.116666667		11	0.030555556		0.086111111	0.001065821
366	58	0.161111111		9	0.025		0.136111111	0.00119835
367	59	0.163888889		7	0.019444444		0.144444444	0.001189373
368	45	0.125		9	0.025		0.1	0.001075829
369	53	0.147222222		10	0.027777778		0.119444444	0.001162028
370	57	0.158333333		11	0.030555556		0.127777778	0.00120726
371	64	0.177777778		14	0.038888889		0.138888889	0.001292985
372	50	0.138888889		13	0.036111111		0.102777778	0.001162028
373	46	0.127777778		9	0.025		0.102777778	0.001085744
374	51	0.141666667		13	0.036111111		0.105555556	0.001171214
375	44	0.122222222		9	0.025		0.097222222	0.001065821
376	46	0.127777778		11	0.030555556		0.097222222	0.001105309
377	52	0.144444444		11	0.030555556		0.113888889	0.001162028
378	41	0.113888889		14	0.038888889		0.075	0.001085744
379	55	0.152777778		9	0.025		0.127777778	0.001171214
380	52	0.144444444		12	0.033333333		0.111111111	0.001171214
381	37	0.102777778		10	0.027777778		0.075	0.00100368
382	41	0.113888889		12	0.033333333		0.080555556	0.001065821
383	44	0.122222222		9	0.025		0.097222222	0.001065821
384	27	0.075		11	0.030555556		0.044444444	0.000902481
385	41	0.113888889		5	0.013888889		0.1	0.000992945
386	42	0.116666667		12	0.033333333		0.083333333	0.001075829
387	44	0.122222222		6	0.016666667		0.105555556	0.001035217
388	50	0.138888889		13	0.036111111		0.102777778	0.001162028
389	48	0.133333333		6	0.016666667		0.116666667	0.001075829
390	54	0.15		12	0.033333333		0.116666667	0.001189373
391	36	0.1		9	0.025		0.075	0.000982093
392	44	0.122222222		9	0.025		0.097222222	0.001065821
393	57	0.158333333		7	0.019444444		0.138888889	0.001171214
394	45	0.125		13	0.036111111		0.088888889	0.001114962
395	40	0.111111111		7	0.019444444		0.091666667	0.00100368
396	45	0.125		9	0.025		0.1	0.001075829
397	54	0.15		12	0.033333333		0.116666667	0.001189373
398	45	0.125		15	0.041666667		0.083333333	0.001134023
399	50	0.138888889		5	0.013888889		0.125	0.001085744
400	45	0.125		8	0.022222222		0.102777778	0.001065821
401	43	0.119444444		12	0.033333333		0.086111111	0.001085744
402	33	0.091666667		8	0.022222222		0.069444444	0.000937429
403	45	0.125		10	0.027777778		0.097222222	0.001085744
404	41	0.113888889		7	0.019444444		0.094444444	0.001014301
405	37	0.102777778		9	0.025		0.077777778	0.000992945
406	46	0.127777778		12	0.033333333		0.094444444	0.001114962
407	40	0.111111111		10	0.027777778		0.083333333	0.001035217
408	39	0.108333333		7	0.019444444		0.088888889	0.000992945
409	52	0.144444444		10	0.027777778		0.116666667	0.001152768
410	36	0.1		12	0.033333333		0.066666667	0.001014301
411	38	0.105555556		12	0.033333333		0.072222222	0.001035217
412	31	0.086111111		6	0.016666667		0.069444444	0.000890527
413	42	0.116666667		9	0.025		0.091666667	0.001045518
414	40	0.111111111		10	0.027777778		0.083333333	0.001035217
415	44	0.122222222		12	0.033333333		0.088888889	0.00109557
416	31	0.086111111		15	0.041666667		0.044444444	0.000992945
417	49	0.136111111		13	0.036111111		0.1	0.001152768
418	42	0.116666667		6	0.016666667		0.1	0.001014301
419	39	0.108333333		10	0.027777778		0.080555556	0.001024812
420	34	0.094444444		7	0.019444444		0.075	0.000937429
421	31	0.086111111		15	0.041666667		0.044444444	0.000992945
422	34	0.094444444		11	0.030555556		0.063888889	0.000982093
423	39	0.108333333		6	0.016666667		0.091666667	0.000982093
424	37	0.102777778		13	0.036111111		0.066666667	0.001035217
425	44	0.122222222		8	0.022222222		0.1	0.001055718
426	39	0.108333333		10	0.027777778		0.080555556	0.001024812
427	27	0.075		10	0.027777778		0.047222222	0.000890527
428	37	0.102777778		11	0.030555556		0.072222222	0.001014301
429	34	0.094444444		6	0.016666667		0.077777778	0.000925926
430	34	0.094444444		12	0.033333333		0.061111111	0.000992945
431	41	0.113888889		7	0.019444444		0.094444444	0.001014301
432	27	0.075		10	0.027777778		0.047222222	0.000890527
433	44	0.122222222		5	0.013888889		0.108333333	0.001024812
434	38	0.105555556		6	0.016666667		0.088888889	0.000971119
435	27	0.075		11	0.030555556		0.044444444	0.000902481
436	42	0.116666667		7	0.019444444		0.097222222	0.001024812
437	36	0.1		12	0.033333333		0.066666667	0.001014301
438	35	0.097222222		8	0.022222222		0.075	0.00096002
439	42	0.116666667		8	0.022222222		0.094444444	0.001035217
440	33	0.091666667		4	0.011111111		0.080555556	0.000890527
441	23	0.063888889		11	0.030555556		0.033333333	0.000853662
442	39	0.108333333		4	0.011111111		0.097222222	0.00096002
443	35	0.097222222		11	0.030555556		0.066666667	0.000992945
444	44	0.122222222		7	0.019444444		0.102777778	0.001045518
445	35	0.097222222		3	0.008333333		0.088888889	0.000902481
446	48	0.133333333		8	0.022222222		0.111111111	0.00109557
447	43	0.119444444		9	0.025		0.094444444	0.001055718
448	32	0.088888889		10	0.027777778		0.061111111	0.000948792
449	28	0.077777778		8	0.022222222		0.055555556	0.00087841
450	28	0.077777778		10	0.027777778		0.05	0.000902481
451	30	0.083333333		6	0.016666667		0.066666667	0.00087841
452	34	0.094444444		13	0.036111111		0.058333333	0.00100368
453	27	0.075		9	0.025		0.05	0.00087841
454	31	0.086111111		10	0.027777778		0.058333333	0.000937429
455	34	0.094444444		11	0.030555556		0.063888889	0.000982093
456	35	0.097222222		5	0.013888889		0.083333333	0.000925926
457	33	0.091666667		7	0.019444444		0.072222222	0.000925926
458	25	0.069444444		7	0.019444444		0.05	0.000828173
459	32	0.088888889		7	0.019444444		0.069444444	0.000914279
460	41	0.113888889		11	0.030555556		0.083333333	0.001055718
461	35	0.097222222		5	0.013888889		0.083333333	0.000925926
462	33	0.091666667		10	0.027777778		0.063888889	0.00096002
463	40	0.111111111		7	0.019444444		0.091666667	0.00100368
464	31	0.086111111		4	0.011111111		0.075	0.000866124
465	35	0.097222222		8	0.022222222		0.075	0.00096002
466	35	0.097222222		6	0.016666667		0.080555556	0.000937429
467	30	0.083333333		7	0.019444444		0.063888889	0.000890527
468	29	0.080555556		6	0.016666667		0.063888889	0.000866124
469	36	0.1		15	0.041666667		0.058333333	0.001045518
470	30	0.083333333		7	0.019444444		0.063888889	0.000890527
471	35	0.097222222		7	0.019444444		0.077777778	0.000948792
472	39	0.108333333		1	0.002777778		0.105555556	0.000925926
473	36	0.1		4	0.011111111		0.088888889	0.000925926
474	31	0.086111111		7	0.019444444		0.066666667	0.000902481
475	29	0.080555556		6	0.016666667		0.063888889	0.000866124
476	33	0.091666667		7	0.019444444		0.072222222	0.000925926
477	22	0.061111111		3	0.008333333		0.052777778	0.000732009
478	37	0.102777778		8	0.022222222		0.080555556	0.000982093
479	34	0.094444444		7	0.019444444		0.075	0.000937429
480	32	0.088888889		4	0.011111111		0.077777778	0.00087841
481	25	0.069444444		13	0.036111111		0.033333333	0.000902481
482	26	0.072222222		3	0.008333333		0.063888889	0.000788398
483	32	0.088888889		10	0.027777778		0.061111111	0.000948792
484	33	0.091666667		4	0.011111111		0.080555556	0.000890527
485	23	0.063888889		10	0.027777778		0.036111111	0.000841014
486	21	0.058333333		5	0.013888889		0.044444444	0.000746505
487	25	0.069444444		10	0.027777778		0.041666667	0.000866124
488	35	0.097222222		5	0.013888889		0.083333333	0.000925926
489	22	0.061111111		9	0.025		0.036111111	0.00081513
490	35	0.097222222		4	0.011111111		0.086111111	0.000914279
491	25	0.069444444		5	0.013888889		0.055555556	0.000801875
492	29	0.080555556		8	0.022222222		0.058333333	0.000890527
493	31	0.086111111		9	0.025		0.061111111	0.000925926
494	25	0.069444444		9	0.025		0.044444444	0.000853662
495	29	0.080555556		7	0.019444444		0.061111111	0.00087841
496	23	0.063888889		7	0.019444444		0.044444444	0.000801875
497	35	0.097222222		5	0.013888889		0.083333333	0.000925926
498	28	0.077777778		5	0.013888889		0.063888889	0.000841014
499	22	0.061111111		9	0.025		0.036111111	0.00081513
500	25	0.069444444		8	0.022222222		0.047222222	0.000841014
501	35	0.097222222		8	0.022222222		0.075	0.00096002
502	23	0.063888889		8	0.022222222		0.041666667	0.00081513
503	32	0.088888889		12	0.033333333		0.055555556	0.000971119
504	28	0.077777778		8	0.022222222		0.055555556	0.00087841
505	23	0.063888889		6	0.016666667		0.047222222	0.000788398
506	38	0.105555556		7	0.019444444		0.086111111	0.000982093
507	20	0.055555556		4	0.011111111		0.044444444	0.000717219
508	30	0.083333333		7	0.019444444		0.063888889	0.000890527
509	33	0.091666667		6	0.016666667		0.075	0.000914279
510	20	0.055555556		8	0.022222222		0.033333333	0.000774685
511	24	0.066666667		7	0.019444444		0.047222222	0.00081513
512	23	0.063888889		10	0.027777778		0.036111111	0.000841014
513	22	0.061111111		6	0.016666667		0.044444444	0.000774685
514	32	0.088888889		8	0.022222222		0.066666667	0.000925926
515	16	0.044444444		5	0.013888889		0.030555556	0.000670897
516	16	0.044444444		5	0.013888889		0.030555556	0.000670897
517	30	0.083333333		8	0.022222222		0.061111111	0.000902481
518	25	0.069444444		6	0.016666667		0.052777778	0.00081513
519	32	0.088888889		7	0.019444444		0.069444444	0.000914279
520	23	0.063888889		6	0.016666667		0.047222222	0.000788398
521	33	0.091666667		12	0.033333333		0.058333333	0.000982093
522	26	0.072222222		5	0.013888889		0.058333333	0.00081513
523	20	0.055555556		9	0.025		0.030555556	0.000788398
524	26	0.072222222		4	0.011111111		0.061111111	0.000801875
525	26	0.072222222		5	0.013888889		0.058333333	0.00081513
526	17	0.047222222		5	0.013888889		0.033333333	0.000686685
527	21	0.058333333		7	0.019444444		0.038888889	0.000774685
528	24	0.066666667		7	0.019444444		0.047222222	0.00081513
529	22	0.061111111		7	0.019444444		0.041666667	0.000788398
530	37	0.102777778		6	0.016666667		0.086111111	0.00096002
531	22	0.061111111		7	0.019444444		0.041666667	0.000788398
532	33	0.091666667		7	0.019444444		0.072222222	0.000925926
533	17	0.047222222		6	0.016666667		0.030555556	0.000702118
534	20	0.055555556		10	0.027777778		0.027777778	0.000801875
535	29	0.080555556		6	0.016666667		0.063888889	0.000866124
536	32	0.088888889		4	0.011111111		0.077777778	0.00087841
537	22	0.061111111		10	0.027777778		0.033333333	0.000828173
538	25	0.069444444		5	0.013888889		0.055555556	0.000801875
539	16	0.044444444		2	0.005555556		0.038888889	0.00062113
540	26	0.072222222		9	0.025		0.047222222	0.000866124
541	26	0.072222222		7	0.019444444		0.052777778	0.000841014
542	30	0.083333333		12	0.033333333		0.05	0.000948792
543	20	0.055555556		7	0.019444444		0.036111111	0.000760726
544	15	0.041666667		6	0.016666667		0.025	0.000670897
545	22	0.061111111		11	0.030555556		0.030555556	0.000841014
546	21	0.058333333		6	0.016666667		0.041666667	0.000760726
547	17	0.047222222		9	0.025		0.022222222	0.000746505
548	22	0.061111111		8	0.022222222		0.038888889	0.000801875
549	26	0.072222222		7	0.019444444		0.052777778	0.000841014
550	23	0.063888889		5	0.013888889		0.05	0.000774685
551	15	0.041666667		8	0.022222222		0.019444444	0.000702118
552	19	0.052777778		11	0.030555556		0.022222222	0.000801875
553	26	0.072222222		5	0.013888889		0.058333333	0.00081513
554	20	0.055555556		7	0.019444444		0.036111111	0.000760726
555	29	0.080555556		9	0.025		0.055555556	0.000902481
556	22	0.061111111		7	0.019444444		0.041666667	0.000788398
557	18	0.05		5	0.013888889		0.036111111	0.000702118
558	23	0.063888889		4	0.011111111		0.052777778	0.000760726
559	16	0.044444444		6	0.016666667		0.027777778	0.000686685
560	19	0.052777778		2	0.005555556		0.047222222	0.000670897
561	24	0.066666667		13	0.036111111		0.030555556	0.000890527
562	22	0.061111111		5	0.013888889		0.047222222	0.000760726
563	25	0.069444444		4	0.011111111		0.058333333	0.000788398
564	20	0.055555556		13	0.036111111		0.019444444	0.000841014
565	15	0.041666667		7	0.019444444		0.022222222	0.000686685
566	20	0.055555556		7	0.019444444		0.036111111	0.000760726
567	19	0.052777778		4	0.011111111		0.041666667	0.000702118
568	13	0.036111111		4	0.011111111		0.025	0.00060363
569	18	0.05		4	0.011111111		0.038888889	0.000686685
570	19	0.052777778		4	0.011111111		0.041666667	0.000702118
571	15	0.041666667		4	0.011111111		0.030555556	0.00063815
572	16	0.044444444		7	0.019444444		0.025	0.000702118
573	28	0.077777778		8	0.022222222		0.055555556	0.00087841
574	24	0.066666667		3	0.008333333		0.058333333	0.000760726
575	29	0.080555556		7	0.019444444		0.061111111	0.00087841
576	20	0.055555556		4	0.011111111		0.044444444	0.000717219
577	22	0.061111111		4	0.011111111		0.05	0.000746505
578	21	0.058333333		7	0.019444444		0.038888889	0.000774685
579	16	0.044444444		7	0.019444444		0.025	0.000702118
580	27	0.075		2	0.005555556		0.069444444	0.000788398
581	19	0.052777778		6	0.016666667		0.036111111	0.000732009
582	12	0.033333333		6	0.016666667		0.016666667	0.00062113
583	21	0.058333333		4	0.011111111		0.047222222	0.000732009
584	23	0.063888889		5	0.013888889		0.05	0.000774685
585	16	0.044444444		4	0.011111111		0.033333333	0.000654729
586	17	0.047222222		8	0.022222222		0.025	0.000732009
587	23	0.063888889		12	0.033333333		0.030555556	0.000866124
588	25	0.069444444		5	0.013888889		0.055555556	0.000801875
589	20	0.055555556		7	0.019444444		0.036111111	0.000760726
590	16	0.044444444		3	0.008333333		0.036111111	0.00063815
591	19	0.052777778		7	0.019444444		0.033333333	0.000746505
592	18	0.05		1	0.002777778		0.047222222	0.00063815
593	19	0.052777778		6	0.016666667		0.036111111	0.000732009
594	20	0.055555556		10	0.027777778		0.027777778	0.000801875
595	18	0.05		8	0.022222222		0.027777778	0.000746505
596	19	0.052777778		6	0.016666667		0.036111111	0.000732009
597	17	0.047222222		8	0.022222222		0.025	0.000732009
598	10	0.027777778		8	0.022222222		0.005555556	0.00062113
599	22	0.061111111		7	0.019444444		0.041666667	0.000788398
600	10	0.027777778		4	0.011111111		0.016666667	0.000547785
601	20	0.055555556		1	0.002777778		0.052777778	0.000670897
602	19	0.052777778		8	0.022222222		0.030555556	0.000760726
603	26	0.072222222		4	0.011111111		0.061111111	0.000801875
604	11	0.030555556		3	0.008333333		0.022222222	0.000547785
605	13	0.036111111		11	0.030555556		0.005555556	0.000717219
606	22	0.061111111		3	0.008333333		0.052777778	0.000732009
607	15	0.041666667		6	0.016666667		0.025	0.000670897
608	20	0.055555556		4	0.011111111		0.044444444	0.000717219
609	17	0.047222222		8	0.022222222		0.025	0.000732009
610	10	0.027777778		3	0.008333333		0.019444444	0.000527859
611	9	0.025		7	0.019444444		0.005555556	0.000585607
612	10	0.027777778		6	0.016666667		0.011111111	0.000585607
613	24	0.066666667		6	0.016666667		0.05	0.000801875
614	11	0.030555556		5	0.013888889		0.016666667	0.000585607
615	15	0.041666667		5	0.013888889		0.027777778	0.000654729
616	14	0.038888889		6	0.016666667		0.022222222	0.000654729
617	25	0.069444444		6	0.016666667		0.052777778	0.00081513
618	18	0.05		4	0.011111111		0.038888889	0.000686685
619	19	0.052777778		7	0.019444444		0.033333333	0.000746505
620	15	0.041666667		6	0.016666667		0.025	0.000670897
621	14	0.038888889		5	0.013888889		0.025	0.00063815
622	16	0.044444444		5	0.013888889		0.030555556	0.000670897
623	17	0.047222222		5	0.013888889		0.033333333	0.000686685
624	21	0.058333333		9	0.025		0.033333333	0.000801875
625	14	0.038888889		5	0.013888889		0.025	0.00063815
626	22	0.061111111		4	0.011111111		0.05	0.000746505
627	10	0.027777778		7	0.019444444		0.008333333	0.00060363
628	17	0.047222222		4	0.011111111		0.036111111	0.000670897
629	18	0.05		2	0.005555556		0.044444444	0.000654729
630	14	0.038888889		3	0.008333333		0.030555556	0.00060363
631	16	0.044444444		2	0.005555556		0.038888889	0.00062113
632	24	0.066666667		5	0.013888889		0.052777778	0.000788398
633	19	0.052777778		2	0.005555556		0.047222222	0.000670897
634	16	0.044444444		8	0.022222222		0.022222222	0.000717219
635	15	0.041666667		5	0.013888889		0.027777778	0.000654729
636	10	0.027777778		5	0.013888889		0.013888889	0.000567012
637	14	0.038888889		7	0.019444444		0.019444444	0.000670897
638	14	0.038888889		6	0.016666667		0.022222222	0.000654729
639	15	0.041666667		2	0.005555556		0.036111111	0.00060363
640	16	0.044444444		5	0.013888889		0.030555556	0.000670897
641	22	0.061111111		5	0.013888889		0.047222222	0.000760726
642	18	0.05		3	0.008333333		0.041666667	0.000670897
643	24	0.066666667		8	0.022222222		0.044444444	0.000828173
644	20	0.055555556		5	0.013888889		0.041666667	0.000732009
645	10	0.027777778		7	0.019444444		0.008333333	0.00060363
646	16	0.044444444		8	0.022222222		0.022222222	0.000717219
647	14	0.038888889		7	0.019444444		0.019444444	0.000670897
648	13	0.036111111		7	0.019444444		0.016666667	0.000654729
649	16	0.044444444		7	0.019444444		0.025	0.000702118
650	10	0.027777778		3	0.008333333		0.019444444	0.000527859
651	14	0.038888889		3	0.008333333		0.030555556	0.00060363
652	10	0.027777778		4	0.011111111		0.016666667	0.000547785
653	18	0.05		4	0.011111111		0.038888889	0.000686685
654	11	0.030555556		0	0		0.030555556	0.00048556
655	18	0.05		4	0.011111111		0.038888889	0.000686685
656	15	0.041666667		7	0.019444444		0.022222222	0.000686685
657	17	0.047222222		2	0.005555556		0.041666667	0.00063815
658	12	0.033333333		2	0.005555556		0.027777778	0.000547785
659	9	0.025		6	0.016666667		0.008333333	0.000567012
660	14	0.038888889		2	0.005555556		0.033333333	0.000585607
661	20	0.055555556		5	0.013888889		0.041666667	0.000732009
662	9	0.025		4	0.011111111		0.013888889	0.000527859
663	19	0.052777778		5	0.013888889		0.038888889	0.000717219
664	19	0.052777778		6	0.016666667		0.036111111	0.000732009
665	17	0.047222222		5	0.013888889		0.033333333	0.000686685
666	14	0.038888889		4	0.011111111		0.027777778	0.00062113
667	15	0.041666667		2	0.005555556		0.036111111	0.00060363
668	16	0.044444444		1	0.002777778		0.041666667	0.00060363
669	25	0.069444444		7	0.019444444		0.05	0.000828173
670	15	0.041666667		4	0.011111111		0.030555556	0.00063815
671	14	0.038888889		3	0.008333333		0.030555556	0.00060363
672	16	0.044444444		6	0.016666667		0.027777778	0.000686685
673	16	0.044444444		8	0.022222222		0.022222222	0.000717219
674	13	0.036111111		5	0.013888889		0.022222222	0.00062113
675	10	0.027777778		3	0.008333333		0.019444444	0.000527859
676	12	0.033333333		4	0.011111111		0.022222222	0.000585607
677	17	0.047222222		4	0.011111111		0.036111111	0.000670897
678	16	0.044444444		5	0.013888889		0.030555556	0.000670897
679	14	0.038888889		3	0.008333333		0.030555556	0.00060363
680	19	0.052777778		3	0.008333333		0.044444444	0.000686685
681	10	0.027777778		1	0.002777778		0.025	0.00048556
682	17	0.047222222		8	0.022222222		0.025	0.000732009
683	20	0.055555556		8	0.022222222		0.033333333	0.000774685
684	13	0.036111111		3	0.008333333		0.027777778	0.000585607
685	18	0.05		8	0.022222222		0.027777778	0.000746505
686	14	0.038888889		1	0.002777778		0.036111111	0.000567012
687	19	0.052777778		5	0.013888889		0.038888889	0.000717219
688	10	0.027777778		5	0.013888889		0.013888889	0.000567012
689	16	0.044444444		4	0.011111111		0.033333333	0.000654729
690	11	0.030555556		4	0.011111111		0.019444444	0.000567012
691	11	0.030555556		9	0.025		0.005555556	0.000654729
692	19	0.052777778		4	0.011111111		0.041666667	0.000702118
693	15	0.041666667		4	0.011111111		0.030555556	0.00063815
694	7	0.019444444		2	0.005555556		0.013888889	0.000439205
695	10	0.027777778		1	0.002777778		0.025	0.00048556
696	11	0.030555556		5	0.013888889		0.016666667	0.000585607
697	21	0.058333333		6	0.016666667		0.041666667	0.000760726
698	10	0.027777778		1	0.002777778		0.025	0.00048556
699	17	0.047222222		3	0.008333333		0.038888889	0.000654729
700	19	0.052777778		5	0.013888889		0.038888889	0.000717219
701	15	0.041666667		9	0.025		0.016666667	0.000717219
702	20	0.055555556		7	0.019444444		0.036111111	0.000760726
703	14	0.038888889		2	0.005555556		0.033333333	0.000585607
704	15	0.041666667		2	0.005555556		0.036111111	0.00060363
705	14	0.038888889		3	0.008333333		0.030555556	0.00060363
706	10	0.027777778		5	0.013888889		0.013888889	0.000567012
707	13	0.036111111		4	0.011111111		0.025	0.00060363
708	8	0.022222222		4	0.011111111		0.011111111	0.000507151
709	16	0.044444444		5	0.013888889		0.030555556	0.000670897
710	13	0.036111111		1	0.002777778		0.033333333	0.000547785
711	15	0.041666667		8	0.022222222		0.019444444	0.000702118
712	11	0.030555556		6	0.016666667		0.013888889	0.00060363
713	16	0.044444444		6	0.016666667		0.027777778	0.000686685
714	16	0.044444444		7	0.019444444		0.025	0.000702118
715	6	0.016666667		6	0.016666667		0	0.000507151
716	9	0.025		5	0.013888889		0.011111111	0.000547785
717	20	0.055555556		2	0.005555556		0.05	0.000686685
718	8	0.022222222		1	0.002777778		0.019444444	0.000439205
719	11	0.030555556		5	0.013888889		0.016666667	0.000585607
720	20	0.055555556		3	0.008333333		0.047222222	0.000702118
721	11	0.030555556		7	0.019444444		0.011111111	0.00062113
722	12	0.033333333		1	0.002777778		0.030555556	0.000527859
723	14	0.038888889		3	0.008333333		0.030555556	0.00060363
724	14	0.038888889		7	0.019444444		0.019444444	0.000670897
725	16	0.044444444		3	0.008333333		0.036111111	0.00063815
726	9	0.025		4	0.011111111		0.013888889	0.000527859
727	9	0.025		5	0.013888889		0.011111111	0.000547785
728	11	0.030555556		5	0.013888889		0.016666667	0.000585607
729	10	0.027777778		6	0.016666667		0.011111111	0.000585607
730	14	0.038888889		9	0.025		0.013888889	0.000702118
731	12	0.033333333		4	0.011111111		0.022222222	0.000585607
732	11	0.030555556		5	0.013888889		0.016666667	0.000585607
733	14	0.038888889		4	0.011111111		0.027777778	0.00062113
734	8	0.022222222		6	0.016666667		0.005555556	0.000547785
735	8	0.022222222		1	0.002777778		0.019444444	0.000439205
736	15	0.041666667		0	0		0.041666667	0.000567012
737	9	0.025		3	0.008333333		0.016666667	0.000507151
738	13	0.036111111		5	0.013888889		0.022222222	0.00062113
739	16	0.044444444		3	0.008333333		0.036111111	0.00063815
740	7	0.019444444		2	0.005555556		0.013888889	0.000439205
741	11	0.030555556		6	0.016666667		0.013888889	0.00060363
742	13	0.036111111		5	0.013888889		0.022222222	0.00062113
743	10	0.027777778		4	0.011111111		0.016666667	0.000547785
744	11	0.030555556		7	0.019444444		0.011111111	0.00062113
745	10	0.027777778		2	0.005555556		0.022222222	0.000507151
746	9	0.025		8	0.022222222		0.002777778	0.00060363
747	10	0.027777778		5	0.013888889		0.013888889	0.000567012
748	13	0.036111111		2	0.005555556		0.030555556	0.000567012
749	10	0.027777778		4	0.011111111		0.016666667	0.000547785
750	9	0.025		3	0.008333333		0.016666667	0.000507151
751	14	0.038888889		3	0.008333333		0.030555556	0.00060363
752	12	0.033333333		4	0.011111111		0.022222222	0.000585607
753	13	0.036111111		3	0.008333333		0.027777778	0.000585607
754	12	0.033333333		3	0.008333333		0.025	0.000567012
755	11	0.030555556		1	0.002777778		0.027777778	0.000507151
756	16	0.044444444		1	0.002777778		0.041666667	0.00060363
757	13	0.036111111		1	0.002777778		0.033333333	0.000547785
758	14	0.038888889		2	0.005555556		0.033333333	0.000585607
759	12	0.033333333		4	0.011111111		0.022222222	0.000585607
760	11	0.030555556		4	0.011111111		0.019444444	0.000567012
761	9	0.025		3	0.008333333		0.016666667	0.000507151
762	15	0.041666667		3	0.008333333		0.033333333	0.00062113
763	6	0.016666667		1	0.002777778		0.013888889	0.000387343
764	15	0.041666667		2	0.005555556		0.036111111	0.00060363
765	7	0.019444444		10	0.027777778		-0.008333333	0.00060363
766	15	0.041666667		4	0.011111111		0.030555556	0.00063815
767	1	0.002777778		4	0.011111111		-0.008333333	0.000327364
768	11	0.030555556		3	0.008333333		0.022222222	0.000547785
769	6	0.016666667		4	0.011111111		0.005555556	0.000462963
770	7	0.019444444		2	0.005555556		0.013888889	0.000439205
771	12	0.033333333		4	0.011111111		0.022222222	0.000585607
772	10	0.027777778		4	0.011111111		0.016666667	0.000547785
773	8	0.022222222		4	0.011111111		0.011111111	0.000507151
774	13	0.036111111		2	0.005555556		0.030555556	0.000567012
775	6	0.016666667		5	0.013888889		0.002777778	0.00048556
776	8	0.022222222		3	0.008333333		0.013888889	0.00048556
777	13	0.036111111		3	0.008333333		0.027777778	0.000585607
778	10	0.027777778		7	0.019444444		0.008333333	0.00060363
779	11	0.030555556		3	0.008333333		0.022222222	0.000547785
780	14	0.038888889		3	0.008333333		0.030555556	0.00060363
781	9	0.025		4	0.011111111		0.013888889	0.000527859
782	9	0.025		2	0.005555556		0.019444444	0.00048556
783	5	0.013888889		2	0.005555556		0.008333333	0.000387343
784	9	0.025		6	0.016666667		0.008333333	0.000567012
785	11	0.030555556		4	0.011111111		0.019444444	0.000567012
786	13	0.036111111		4	0.011111111		0.025	0.00060363
787	14	0.038888889		6	0.016666667		0.022222222	0.000654729
788	4	0.011111111		7	0.019444444		-0.008333333	0.00048556
789	9	0.025		2	0.005555556		0.019444444	0.00048556
790	8	0.022222222		5	0.013888889		0.008333333	0.000527859
791	6	0.016666667		3	0.008333333		0.008333333	0.000439205
792	8	0.022222222		6	0.016666667		0.005555556	0.000547785
793	7	0.019444444		2	0.005555556		0.013888889	0.000439205
794	5	0.013888889		2	0.005555556		0.008333333	0.000387343
795	6	0.016666667		4	0.011111111		0.005555556	0.000462963
796	4	0.011111111		4	0.011111111		0	0.000414087
797	14	0.038888889		1	0.002777778		0.036111111	0.000567012
798	10	0.027777778		2	0.005555556		0.022222222	0.000507151
799	16	0.044444444		2	0.005555556		0.038888889	0.00062113
800	9	0.025		1	0.002777778		0.022222222	0.000462963
801	10	0.027777778		4	0.011111111		0.016666667	0.000547785
802	12	0.033333333		2	0.005555556		0.027777778	0.000547785
803	15	0.041666667		3	0.008333333		0.033333333	0.00062113
804	9	0.025		6	0.016666667		0.008333333	0.000567012
805	9	0.025		3	0.008333333		0.016666667	0.000507151
806	11	0.030555556		2	0.005555556		0.025	0.000527859
807	14	0.038888889		4	0.011111111		0.027777778	0.00062113
808	13	0.036111111		4	0.011111111		0.025	0.00060363
809	9	0.025		4	0.011111111		0.013888889	0.000527859
810	9	0.025		1	0.002777778		0.022222222	0.000462963
811	8	0.022222222		2	0.005555556		0.016666667	0.000462963
812	10	0.027777778		4	0.011111111		0.016666667	0.000547785
813	10	0.027777778		3	0.008333333		0.019444444	0.000527859
814	12	0.033333333		3	0.008333333		0.025	0.000567012
815	9	0.025		2	0.005555556		0.019444444	0.00048556
816	8	0.022222222		4	0.011111111		0.011111111	0.000507151
817	15	0.041666667		2	0.005555556		0.036111111	0.00060363
818	17	0.047222222		2	0.005555556		0.041666667	0.00063815
819	9	0.025		3	0.008333333		0.016666667	0.000507151
820	7	0.019444444		3	0.008333333		0.011111111	0.000462963
821	9	0.025		2	0.005555556		0.019444444	0.00048556
822	9	0.025		6	0.016666667		0.008333333	0.000567012
823	8	0.022222222		7	0.019444444		0.002777778	0.000567012
824	15	0.041666667		6	0.016666667		0.025	0.000670897
825	9	0.025		5	0.013888889		0.011111111	0.000547785
826	9	0.025		3	0.008333333		0.016666667	0.000507151
827	8	0.022222222		1	0.002777778		0.019444444	0.000439205
828	7	0.019444444		4	0.011111111		0.008333333	0.00048556
829	10	0.027777778		3	0.008333333		0.019444444	0.000527859
830	8	0.022222222		5	0.013888889		0.008333333	0.000527859
831	12	0.033333333		1	0.002777778		0.030555556	0.000527859
832	12	0.033333333		4	0.011111111		0.022222222	0.000585607
833	10	0.027777778		0	0		0.027777778	0.000462963
834	6	0.016666667		2	0.005555556		0.011111111	0.000414087
835	7	0.019444444		0	0		0.019444444	0.000387343
836	10	0.027777778		3	0.008333333		0.019444444	0.000527859
837	5	0.013888889		7	0.019444444		-0.005555556	0.000507151
838	8	0.022222222		4	0.011111111		0.011111111	0.000507151
839	12	0.033333333		3	0.008333333		0.025	0.000567012
840	14	0.038888889		3	0.008333333		0.030555556	0.00060363
841	7	0.019444444		7	0.019444444		0	0.000547785
842	8	0.022222222		3	0.008333333		0.013888889	0.00048556
843	14	0.038888889		6	0.016666667		0.022222222	0.000654729
844	6	0.016666667		0	0		0.016666667	0.00035861
845	6	0.016666667		3	0.008333333		0.008333333	0.000439205
846	8	0.022222222		9	0.025		-0.002777778	0.00060363
847	8	0.022222222		1	0.002777778		0.019444444	0.000439205
848	5	0.013888889		5	0.013888889		0	0.000462963
849	6	0.016666667		6	0.016666667		0	0.000507151
850	8	0.022222222		6	0.016666667		0.005555556	0.000547785
851	9	0.025		3	0.008333333		0.016666667	0.000507151
852	8	0.022222222		5	0.013888889		0.008333333	0.000527859
853	7	0.019444444		4	0.011111111		0.008333333	0.00048556
854	9	0.025		4	0.011111111		0.013888889	0.000527859
855	10	0.027777778		1	0.002777778		0.025	0.00048556
856	9	0.025		2	0.005555556		0.019444444	0.00048556
857	6	0.016666667		1	0.002777778		0.013888889	0.000387343
858	6	0.016666667		2	0.005555556		0.011111111	0.000414087
859	8	0.022222222		1	0.002777778		0.019444444	0.000439205
860	8	0.022222222		4	0.011111111		0.011111111	0.000507151
861	7	0.019444444		3	0.008333333		0.011111111	0.000462963
862	9	0.025		4	0.011111111		0.013888889	0.000527859
863	7	0.019444444		1	0.002777778		0.016666667	0.000414087
864	5	0.013888889		2	0.005555556		0.008333333	0.000387343
865	5	0.013888889		7	0.019444444		-0.005555556	0.000507151
866	6	0.016666667		2	0.005555556		0.011111111	0.000414087
867	7	0.019444444		3	0.008333333		0.011111111	0.000462963
868	9	0.025		5	0.013888889		0.011111111	0.000547785
869	7	0.019444444		3	0.008333333		0.011111111	0.000462963
870	6	0.016666667		2	0.005555556		0.011111111	0.000414087
871	6	0.016666667		2	0.005555556		0.011111111	0.000414087
872	10	0.027777778		0	0		0.027777778	0.000462963
873	4	0.011111111		5	0.013888889		-0.002777778	0.000439205
874	2	0.005555556		0	0		0.005555556	0.000207043
875	6	0.016666667		2	0.005555556		0.011111111	0.000414087
876	5	0.013888889		2	0.005555556		0.008333333	0.000387343
877	7	0.019444444		4	0.011111111		0.008333333	0.00048556
878	5	0.013888889		3	0.008333333		0.005555556	0.000414087
879	8	0.022222222		3	0.008333333		0.013888889	0.00048556
880	9	0.025		4	0.011111111		0.013888889	0.000527859
881	14	0.038888889		2	0.005555556		0.033333333	0.000585607
882	5	0.013888889		2	0.005555556		0.008333333	0.000387343
883	6	0.016666667		3	0.008333333		0.008333333	0.000439205
884	5	0.013888889		4	0.011111111		0.002777778	0.000439205
885	5	0.013888889		5	0.013888889		0	0.000462963
886	12	0.033333333		3	0.008333333		0.025	0.000567012
887	5	0.013888889		5	0.013888889		0	0.000462963
888	10	0.027777778		5	0.013888889		0.013888889	0.000567012
889	8	0.022222222		3	0.008333333		0.013888889	0.00048556
890	10	0.027777778		1	0.002777778		0.025	0.00048556
891	4	0.011111111		2	0.005555556		0.005555556	0.00035861
892	10	0.027777778		3	0.008333333		0.019444444	0.000527859
893	9	0.025		3	0.008333333		0.016666667	0.000507151
894	9	0.025		4	0.011111111		0.013888889	0.000527859
895	11	0.030555556		1	0.002777778		0.027777778	0.000507151
896	13	0.036111111		3	0.008333333		0.027777778	0.000585607
897	8	0.022222222		3	0.008333333		0.013888889	0.00048556
898	9	0.025		1	0.002777778		0.022222222	0.000462963
899	10	0.027777778		1	0.002777778		0.025	0.00048556
900	12	0.033333333		4	0.011111111		0.022222222	0.000585607
901	6	0.016666667		2	0.005555556		0.011111111	0.000414087
902	8	0.022222222		3	0.008333333		0.013888889	0.00048556
903	6	0.016666667		1	0.002777778		0.013888889	0.000387343
904	5	0.013888889		2	0.005555556		0.008333333	0.000387343
905	11	0.030555556		3	0.008333333		0.022222222	0.000547785
906	8	0.022222222		2	0.005555556		0.016666667	0.000462963
907	4	0.011111111		6	0.016666667		-0.005555556	0.000462963
908	11	0.030555556		5	0.013888889		0.016666667	0.000585607
909	6	0.016666667		3	0.008333333		0.008333333	0.000439205
910	13	0.036111111		2	0.005555556		0.030555556	0.000567012
911	8	0.022222222		3	0.008333333		0.013888889	0.00048556
912	5	0.013888889		2	0.005555556		0.008333333	0.000387343
913	7	0.019444444		3	0.008333333		0.011111111	0.000462963
914	5	0.013888889		0	0		0.013888889	0.000327364
915	6	0.016666667		2	0.005555556		0.011111111	0.000414087
916	5	0.013888889		4	0.011111111		0.002777778	0.000439205
917	13	0.036111111		2	0.005555556		0.030555556	0.000567012
918	7	0.019444444		2	0.005555556		0.013888889	0.000439205
919	10	0.027777778		2	0.005555556		0.022222222	0.000507151
920	7	0.019444444		2	0.005555556		0.013888889	0.000439205
921	5	0.013888889		2	0.005555556		0.008333333	0.000387343
922	16	0.044444444		1	0.002777778		0.041666667	0.00060363
923	7	0.019444444		3	0.008333333		0.011111111	0.000462963
924	5	0.013888889		3	0.008333333		0.005555556	0.000414087
925	5	0.013888889		4	0.011111111		0.002777778	0.000439205
926	8	0.022222222		3	0.008333333		0.013888889	0.00048556
927	7	0.019444444		2	0.005555556		0.013888889	0.000439205
928	7	0.019444444		2	0.005555556		0.013888889	0.000439205
929	7	0.019444444		1	0.002777778		0.016666667	0.000414087
930	6	0.016666667		3	0.008333333		0.008333333	0.000439205
931	8	0.022222222		3	0.008333333		0.013888889	0.00048556
932	10	0.027777778		3	0.008333333		0.019444444	0.000527859
933	1	0.002777778		4	0.011111111		-0.008333333	0.000327364
934	6	0.016666667		2	0.005555556		0.011111111	0.000414087
935	11	0.030555556		4	0.011111111		0.019444444	0.000567012
936	15	0.041666667		3	0.008333333		0.033333333	0.00062113
937	10	0.027777778		0	0		0.027777778	0.000462963
938	3	0.008333333		0	0		0.008333333	0.000253575
939	5	0.013888889		6	0.016666667		-0.002777778	0.00048556
940	7	0.019444444		3	0.008333333		0.011111111	0.000462963
941	11	0.030555556		3	0.008333333		0.022222222	0.000547785
942	5	0.013888889		1	0.002777778		0.011111111	0.00035861
943	4	0.011111111		3	0.008333333		0.002777778	0.000387343
944	11	0.030555556		0	0		0.030555556	0.00048556
945	9	0.025		3	0.008333333		0.016666667	0.000507151
946	11	0.030555556		5	0.013888889		0.016666667	0.000585607
947	11	0.030555556		4	0.011111111		0.019444444	0.000567012
948	4	0.011111111		3	0.008333333		0.002777778	0.000387343
949	6	0.016666667		3	0.008333333		0.008333333	0.000439205
950	9	0.025		3	0.008333333		0.016666667	0.000507151
951	4	0.011111111		2	0.005555556		0.005555556	0.00035861
952	7	0.019444444		1	0.002777778		0.016666667	0.000414087
953	8	0.022222222		4	0.011111111		0.011111111	0.000507151
954	9	0.025		5	0.013888889		0.011111111	0.000547785
955	8	0.022222222		2	0.005555556		0.016666667	0.000462963
956	7	0.019444444		1	0.002777778		0.016666667	0.000414087
957	6	0.016666667		3	0.008333333		0.008333333	0.000439205
958	6	0.016666667		2	0.005555556		0.011111111	0.000414087
959	8	0.022222222		1	0.002777778		0.019444444	0.000439205
960	13	0.036111111		2	0.005555556		0.030555556	0.000567012
961	8	0.022222222		1	0.002777778		0.019444444	0.000439205
962	8	0.022222222		2	0.005555556		0.016666667	0.000462963
963	5	0.013888889		3	0.008333333		0.005555556	0.000414087
964	9	0.025		4	0.011111111		0.013888889	0.000527859
965	9	0.025		4	0.011111111		0.013888889	0.000527859
966	5	0.013888889		2	0.005555556		0.008333333	0.000387343
967	9	0.025		0	0		0.025	0.000439205
968	5	0.013888889		2	0.005555556		0.008333333	0.000387343
969	4	0.011111111		4	0.011111111		0	0.000414087
970	4	0.011111111		3	0.008333333		0.002777778	0.000387343
971	8	0.022222222		4	0.011111111		0.011111111	0.000507151
972	7	0.019444444		7	0.019444444		0	0.000547785
973	6	0.016666667		2	0.005555556		0.011111111	0.000414087
974	6	0.016666667		6	0.016666667		0	0.000507151
975	11	0.030555556		1	0.002777778		0.027777778	0.000507151
976	3	0.008333333		3	0.008333333		0	0.00035861
977	10	0.027777778		2	0.005555556		0.022222222	0.000507151
978	9	0.025		1	0.002777778		0.022222222	0.000462963
979	10	0.027777778		2	0.005555556		0.022222222	0.000507151
980	3	0.008333333		3	0.008333333		0	0.00035861
981	3	0.008333333		2	0.005555556		0.002777778	0.000327364
982	5	0.013888889		0	0		0.013888889	0.000327364
983	10	0.027777778		1	0.002777778		0.025	0.00048556
984	6	0.016666667		2	0.005555556		0.011111111	0.000414087
985	6	0.016666667		2	0.005555556		0.011111111	0.000414087
986	8	0.022222222		2	0.005555556		0.016666667	0.000462963
987	6	0.016666667		0	0		0.016666667	0.00035861
988	9	0.025		3	0.008333333		0.016666667	0.000507151
989	5	0.013888889		0	0		0.013888889	0.000327364
990	3	0.008333333		3	0.008333333		0	0.00035861
991	5	0.013888889		2	0.005555556		0.008333333	0.000387343
992	5	0.013888889		5	0.013888889		0	0.000462963
993	0	0		0	0		0	0
994	0	0		0	0		0	0
995	0	0		0	0		0	0
996	0	0		0	0		0	0
997	0	0		0	0		0	0
998	0	0		0	0		0	0
999	0	0		0	0		0	0
1000	0	0		0	0		0	0
1001	0	0		0	0		0	0
1002	0	0		0	0		0	0
1003	0	0		0	0		0	0
1004	0	0		0	0		0	0
1005	0	0		0	0		0	0
1006	0	0		0	0		0	0
1007	0	0		0	0		0	0
1008	0	0		0	0		0	0
1009	0	0		0	0		0	0
1010	0	0		0	0		0	0
1011	0	0		0	0		0	0
1012	0	0		0	0		0	0
1013	0	0		0	0		0	0
1014	0	0		0	0		0	0
1015	0	0		0	0		0	0
1016	0	0		0	0		0	0
1017	0	0		0	0		0	0
1018	0	0		0	0		0	0
1019	0	0		0	0		0	0
1020	0	0		0	0		0	0
1021	0	0		0	0		0	0
1022	0	0		0	0		0	0
1023	0	0		0	0		0	0
1024	0	0		0	0		0	0