
1	0	0			0	0			0	0
2	0	0			0	0			0	0
3	0	0			0	0			0	0
4	0	0			0	0			0	0
5	0	0			0	0			0	0
6	0	0			0	0			0	0
7	0	0			0	0			0	0
8	0	0			0	0			0	0
9	0	0			0	0			0	0
10	0	0			0	0			0	0
11	0	0			0	0			0	0
12	0	0			0	0			0	0
13	0	0			0	0			0	0
14	0	0			0	0			0	0
15	0	0			0	0			0	0
16	0	0			0	0			0	0
17	0	0			0	0			0	0
18	0	0			0	0			0	0
19	0	0			0	0			0	0
20	0	0			0	0			0	0
21	0	0			0	0			0	0
22	0	0			0	0			0	0
23	0	0			0	0			0	0
24	0	0			0	0			0	0
25	0	0			0	0			0	0
26	0	0			0	0			0	0
27	0	0			0	0			0	0
28	0	0			0	0			0	0
29	0	0			0	0			0	0
30	211	0.586111111			250	0.694444444			-0.108333333	0.059641418
31	1989	5.525			2281	6.336111111			-0.811111111	0.181514547
32	2012	5.588888889			2334	6.483333333			-0.894444444	0.183122775
33	1854	5.15			2161	6.002777778			-0.852777778	0.176011188
34	1654	4.594444444			1898	5.272222222			-0.677777778	0.165551827
35	1609	4.469444444			1847	5.130555556			-0.661111111	0.163299316
36	1542	4.283333333			1709	4.747222222			-0.463888889	0.158382059
37	1447	4.019444444			1566	4.35			-0.330555556	0.152474446
38	1442	4.005555556			1556	4.322222222			-0.316666667	0.152094431
39	1358	3.772222222			1426	3.961111111			-0.188888889	0.146565622
40	1331	3.697222222			1386	3.85			-0.152777778	0.14479125
41	1179	3.275			1278	3.55			-0.275	0.137689264
42	1208	3.355555556			1303	3.619444444			-0.263888889	0.139194109
43	1118	3.105555556			1252	3.477777778			-0.372222222	0.135229572
44	1110	3.083333333			1234	3.427777778			-0.344444444	0.13448576
45	1037	2.880555556			1139	3.163888889			-0.283333333	0.129576709
46	987	2.741666667			1129	3.136111111			-0.394444444	0.127777778
47	934	2.594444444			1089	3.025			-0.430555556	0.124938256
48	914	2.538888889			977	2.713888889			-0.175	0.120793416
49	893	2.480555556			985	2.736111111			-0.255555556	0.120377493
50	880	2.444444444			920	2.555555556			-0.111111111	0.11785113
51	834	2.316666667			944	2.622222222			-0.305555556	0.117128715
52	761	2.113888889			896	2.488888889			-0.375	0.113072958
53	788	2.188888889			832	2.311111111			-0.122222222	0.111803399
54	773	2.147222222			805	2.236111111			-0.088888889	0.110344578
55	713	1.980555556			810	2.25			-0.269444444	0.108404535
56	670	1.861111111			696	1.933333333			-0.072222222	0.102665103
57	709	1.969444444			740	2.055555556			-0.086111111	0.105738146
58	627	1.741666667			698	1.938888889			-0.197222222	0.101112637
59	657	1.825			686	1.905555556			-0.080555556	0.101797123
60	652	1.811111111			670	1.861111111			-0.05	0.100998105
61	579	1.608333333			638	1.772222222			-0.163888889	0.096904242
62	577	1.602777778			615	1.708333333			-0.105555556	0.095903758
63	584	1.622222222			610	1.694444444			-0.072222222	0.095984181
64	560	1.555555556			622	1.727777778			-0.172222222	0.09550063
65	487	1.352777778			566	1.572222222			-0.219444444	0.090138782
66	514	1.427777778			588	1.633333333			-0.205555556	0.092212182
67	501	1.391666667			524	1.455555556			-0.063888889	0.088932281
68	487	1.352777778			536	1.488888889			-0.136111111	0.088845476
69	424	1.177777778			516	1.433333333			-0.255555556	0.085165054
70	454	1.261111111			474	1.316666667			-0.055555556	0.084619701
71	474	1.316666667			466	1.294444444			0.022222222	0.085165054
72	461	1.280555556			466	1.294444444			-0.013888889	0.084574096
73	414	1.15			440	1.222222222			-0.072222222	0.081175773
74	439	1.219444444			432	1.2			0.019444444	0.081979748
75	399	1.108333333			387	1.075			0.033333333	0.077876921
76	361	1.002777778			399	1.108333333			-0.105555556	0.076578049
77	417	1.158333333			403	1.119444444			0.038888889	0.07954345
78	357	0.991666667			382	1.061111111			-0.069444444	0.075512651
79	358	0.994444444			396	1.1			-0.105555556	0.076275168
80	375	1.041666667			385	1.069444444			-0.027777778	0.076578049
81	315	0.875			364	1.011111111			-0.136111111	0.072382301
82	337	0.936111111			348	0.966666667			-0.030555556	0.072701402
83	316	0.877777778			341	0.947222222			-0.069444444	0.071200031
84	350	0.972222222			325	0.902777778			0.069444444	0.072168784
85	313	0.869444444			302	0.838888889			0.030555556	0.068886649
86	327	0.908333333			331	0.919444444			-0.011111111	0.071254196
87	321	0.891666667			283	0.786111111			0.105555556	0.06826781
88	291	0.808333333			305	0.847222222			-0.038888889	0.067814198
89	317	0.880555556			321	0.891666667			-0.011111111	0.07016295
90	299	0.830555556			251	0.697222222			0.133333333	0.065144663
91	254	0.705555556			276	0.766666667			-0.061111111	0.063949247
92	267	0.741666667			281	0.780555556			-0.038888889	0.065026111
93	291	0.808333333			263	0.730555556			0.077777778	0.065381124
94	232	0.644444444			279	0.775			-0.130555556	0.062792525
95	266	0.738888889			265	0.736111111			0.002777778	0.064009548
96	246	0.683333333			272	0.755555556			-0.072222222	0.063221148
97	278	0.772222222			271	0.752777778			0.019444444	0.065085414
98	232	0.644444444			214	0.594444444			0.05	0.058663089
99	229	0.636111111			243	0.675			-0.038888889	0.060348781
100	258	0.716666667			266	0.738888889			-0.022222222	0.06358624
101	245	0.680555556			233	0.647222222			0.033333333	0.060731142
102	227	0.630555556			226	0.627777778			0.002777778	0.059121657
103	242	0.672222222			192	0.533333333			0.138888889	0.057868518
104	228	0.633333333			184	0.511111111			0.122222222	0.056382731
105	244	0.677777778			214	0.594444444			0.083333333	0.05944704
106	241	0.669444444			178	0.494444444			0.175	0.056859693
107	240	0.666666667			194	0.538888889			0.127777778	0.057868518
108	232	0.644444444			202	0.561111111			0.083333333	0.057868518
109	201	0.558333333			188	0.522222222			0.036111111	0.054786341
110	198	0.55			192	0.533333333			0.016666667	0.054856716
111	227	0.630555556			174	0.483333333			0.147222222	0.055624957
112	198	0.55			188	0.522222222			0.027777778	0.054574674
113	202	0.561111111			164	0.455555556			0.105555556	0.053142018
114	236	0.655555556			169	0.469444444			0.186111111	0.055901699
115	199	0.552777778			140	0.388888889			0.163888889	0.051144313
116	199	0.552777778			134	0.372222222			0.180555556	0.050689688
117	195	0.541666667			167	0.463888889			0.077777778	0.052850827
118	210	0.583333333			160	0.444444444			0.138888889	0.053431622
119	196	0.544444444			157	0.436111111			0.108333333	0.052189706
120	214	0.594444444			154	0.427777778			0.166666667	0.053287017
121	226	0.627777778			151	0.419444444			0.208333333	0.053934688
122	196	0.544444444			143	0.397222222			0.147222222	0.051144313
123	178	0.494444444			124	0.344444444			0.15	0.048272631
124	173	0.480555556			151	0.419444444			0.061111111	0.05
125	191	0.530555556			152	0.422222222			0.108333333	0.051445164
126	189	0.525			126	0.35			0.175	0.049300665
127	184	0.511111111			125	0.347222222			0.163888889	0.048828877
128	200	0.555555556			133	0.369444444			0.186111111	0.050689688
129	186	0.516666667			117	0.325			0.191666667	0.048352487
130	181	0.502777778			117	0.325			0.177777778	0.047951879
131	184	0.511111111			128	0.355555556			0.155555556	0.049065338
132	195	0.541666667			125	0.347222222			0.194444444	0.049690399
133	193	0.536111111			113	0.313888889			0.222222222	0.048591266
134	179	0.497222222			109	0.302777778			0.194444444	0.047140452
135	194	0.538888889			128	0.355555556			0.183333333	0.04984544
136	208	0.577777778			124	0.344444444			0.233333333	0.05061352
137	161	0.447222222			101	0.280555556			0.166666667	0.044962261
138	163	0.452777778			104	0.288888889			0.163888889	0.045389263
139	157	0.436111111			117	0.325			0.111111111	0.045980404
140	158	0.438888889			107	0.297222222			0.141666667	0.045218946
141	162	0.45			105	0.291666667			0.158333333	0.045389263
142	171	0.475			99	0.275			0.2	0.045643546
143	170	0.472222222			88	0.244444444			0.227777778	0.044617718
144	172	0.477777778			84	0.233333333			0.244444444	0.044444444
145	183	0.508333333			84	0.233333333			0.275	0.045389263
146	198	0.55			94	0.261111111			0.288888889	0.047466687
147	176	0.488888889			90	0.25			0.238888889	0.045304185
148	175	0.486111111			103	0.286111111			0.2	0.046314811
149	170	0.472222222			100	0.277777778			0.194444444	0.045643546
150	187	0.519444444			94	0.261111111			0.258333333	0.046564041
151	164	0.455555556			84	0.233333333			0.222222222	0.043744488
152	176	0.488888889			81	0.225			0.263888889	0.044531165
153	166	0.461111111			87	0.241666667			0.219444444	0.04418326
154	171	0.475			81	0.225			0.25	0.044095855
155	180	0.5			103	0.286111111			0.213888889	0.046729455
156	181	0.502777778			81	0.225			0.277777778	0.044962261
157	147	0.408333333			66	0.183333333			0.225	0.040540332
158	156	0.433333333			82	0.227777778			0.205555556	0.042853468
159	163	0.452777778			76	0.211111111			0.241666667	0.042943402
160	177	0.491666667			70	0.194444444			0.297222222	0.043656205
161	155	0.430555556			71	0.197222222			0.233333333	0.041759157
162	165	0.458333333			66	0.183333333			0.275	0.042218567
163	168	0.466666667			76	0.211111111			0.255555556	0.043390276
164	168	0.466666667			64	0.177777778			0.288888889	0.042309851
165	140	0.388888889			52	0.144444444			0.244444444	0.038490018
166	146	0.405555556			65	0.180555556			0.225	0.040349553
167	173	0.480555556			74	0.205555556			0.275	0.043656205
168	143	0.397222222			61	0.169444444			0.227777778	0.039674602
169	171	0.475			68	0.188888889			0.286111111	0.042943402
170	161	0.447222222			58	0.161111111			0.286111111	0.041107357
171	159	0.441666667			90	0.25			0.191666667	0.043832594
172	160	0.444444444			66	0.183333333			0.261111111	0.041759157
173	165	0.458333333			54	0.15			0.308333333	0.041107357
174	148	0.411111111			54	0.15			0.261111111	0.03947964
175	152	0.422222222			59	0.163888889			0.258333333	0.040349553
176	140	0.388888889			44	0.122222222			0.266666667	0.037679611
177	141	0.391666667			54	0.15			0.241666667	0.038789556
178	164	0.455555556			49	0.136111111			0.319444444	0.040540332
179	165	0.458333333			60	0.166666667			0.291666667	0.041666667
180	166	0.461111111			48	0.133333333			0.327777778	0.040635386
181	153	0.425			49	0.136111111			0.288888889	0.03947964
182	152	0.422222222			51	0.141666667			0.280555556	0.039577241
183	170	0.472222222			43	0.119444444			0.352777778	0.040540332
184	147	0.408333333			48	0.133333333			0.275	0.038789556
185	163	0.452777778			53	0.147222222			0.305555556	0.040824829
186	161	0.447222222			55	0.152777778			0.294444444	0.040824829
187	152	0.422222222			43	0.119444444			0.302777778	0.038789556
188	151	0.419444444			38	0.105555556			0.313888889	0.038188131
189	166	0.461111111			56	0.155555556			0.305555556	0.041387957
190	154	0.427777778			39	0.108333333			0.319444444	0.038590122
191	145	0.402777778			52	0.144444444			0.258333333	0.038987969
192	133	0.369444444			38	0.105555556			0.263888889	0.036324158
193	137	0.380555556			47	0.130555556			0.25	0.037679611
194	141	0.391666667			48	0.133333333			0.258333333	0.038188131
195	147	0.408333333			30	0.083333333			0.325	0.03695593
196	147	0.408333333			36	0.1			0.308333333	0.037577081
197	120	0.333333333			55	0.152777778			0.180555556	0.036746546
198	135	0.375			40	0.111111111			0.263888889	0.036746546
199	154	0.427777778			43	0.119444444			0.308333333	0.038987969
200	138	0.383333333			41	0.113888889			0.269444444	0.037164134
201	149	0.413888889			41	0.113888889			0.3	0.038289024
202	140	0.388888889			49	0.136111111			0.252777778	0.038188131
203	141	0.391666667			36	0.1			0.291666667	0.03695593
204	155	0.430555556			39	0.108333333			0.322222222	0.038689967
205	137	0.380555556			25	0.069444444			0.311111111	0.035355339
206	131	0.363888889			39	0.108333333			0.255555556	0.036217791
207	127	0.352777778			31	0.086111111			0.266666667	0.034916125
208	136	0.377777778			33	0.091666667			0.286111111	0.036111111
209	133	0.369444444			36	0.1			0.269444444	0.036111111
210	143	0.397222222			40	0.111111111			0.286111111	0.037577081
211	143	0.397222222			32	0.088888889			0.308333333	0.036746546
212	125	0.347222222			36	0.1			0.247222222	0.035246049
213	135	0.375			34	0.094444444			0.280555556	0.036111111
214	131	0.363888889			33	0.091666667			0.272222222	0.035572912
215	137	0.380555556			35	0.097222222			0.283333333	0.036430214
216	149	0.413888889			28	0.077777778			0.336111111	0.03695593
217	114	0.316666667			43	0.119444444			0.197222222	0.034805456
218	119	0.330555556			20	0.055555556			0.275	0.032749517
219	135	0.375			28	0.077777778			0.297222222	0.035464293
220	137	0.380555556			29	0.080555556			0.3	0.035789163
221	131	0.363888889			41	0.113888889			0.25	0.036430214
222	113	0.313888889			31	0.086111111			0.227777778	0.033333333
223	146	0.405555556			24	0.066666667			0.338888889	0.036217791
224	120	0.333333333			29	0.080555556			0.252777778	0.033907099
225	137	0.380555556			23	0.063888889			0.316666667	0.035136418
226	122	0.338888889			37	0.102777778			0.236111111	0.035026445
227	128	0.355555556			31	0.086111111			0.269444444	0.035026445
228	130	0.361111111			36	0.1			0.261111111	0.035789163
229	116	0.322222222			22	0.061111111			0.261111111	0.0326315
230	125	0.347222222			21	0.058333333			0.288888889	0.033564017
231	128	0.355555556			30	0.083333333			0.272222222	0.034916125
232	137	0.380555556			31	0.086111111			0.294444444	0.036004115
233	116	0.322222222			29	0.080555556			0.241666667	0.033448874
234	135	0.375			29	0.080555556			0.294444444	0.035572912
235	128	0.355555556			31	0.086111111			0.269444444	0.035026445
236	121	0.336111111			24	0.066666667			0.269444444	0.033448874
237	117	0.325			26	0.072222222			0.252777778	0.033217391
238	120	0.333333333			23	0.063888889			0.269444444	0.033217391
239	105	0.291666667			15	0.041666667			0.25	0.030429031
240	135	0.375			20	0.055555556			0.319444444	0.034583054
241	116	0.322222222			28	0.077777778			0.244444444	0.033333333
242	103	0.286111111			22	0.061111111			0.225	0.0310565
243	107	0.297222222			29	0.080555556			0.216666667	0.032394177
244	107	0.297222222			21	0.058333333			0.238888889	0.031426968
245	108	0.3			22	0.061111111			0.238888889	0.03167154
246	105	0.291666667			20	0.055555556			0.236111111	0.0310565
247	101	0.280555556			26	0.072222222			0.208333333	0.031303966
248	110	0.305555556			21	0.058333333			0.247222222	0.03179312
249	107	0.297222222			28	0.077777778			0.219444444	0.032274861
250	108	0.3			22	0.061111111			0.238888889	0.03167154
251	100	0.277777778			26	0.072222222			0.205555556	0.031180478
252	111	0.308333333			25	0.069444444			0.238888889	0.032394177
253	90	0.25			24	0.066666667			0.183333333	0.029658551
254	93	0.258333333			28	0.077777778			0.180555556	0.030555556
255	108	0.3			17	0.047222222			0.252777778	0.0310565
256	109	0.302777778			19	0.052777778			0.25	0.031426968
257	92	0.255555556			30	0.083333333			0.172222222	0.030681558
258	92	0.255555556			15	0.041666667			0.213888889	0.028733557
259	97	0.269444444			12	0.033333333			0.236111111	0.029000851
260	81	0.225			28	0.077777778			0.147222222	0.029000851
261	109	0.302777778			17	0.047222222			0.255555556	0.031180478
262	93	0.258333333			22	0.061111111			0.197222222	0.029788348
263	86	0.238888889			20	0.055555556			0.183333333	0.028598973
264	97	0.269444444			18	0.05			0.219444444	0.029788348
265	88	0.244444444			16	0.044444444			0.2	0.028327886
266	96	0.266666667			26	0.072222222			0.194444444	0.030681558
267	87	0.241666667			18	0.05			0.191666667	0.028463752
268	79	0.219444444			23	0.063888889			0.155555556	0.02805418
269	106	0.294444444			6	0.016666667			0.277777778	0.029397237
270	103	0.286111111			24	0.066666667			0.219444444	0.031303966
271	91	0.252777778			14	0.038888889			0.213888889	0.028463752
272	94	0.261111111			12	0.033333333			0.227777778	0.028598973
273	84	0.233333333			18	0.05			0.183333333	0.02805418
274	88	0.244444444			17	0.047222222			0.197222222	0.028463752
275	86	0.238888889			24	0.066666667			0.172222222	0.029133579
276	98	0.272222222			14	0.038888889			0.233333333	0.029397237
277	85	0.236111111			24	0.066666667			0.169444444	0.029000851
278	111	0.308333333			15	0.041666667			0.266666667	0.031180478
279	104	0.288888889			24	0.066666667			0.222222222	0.031426968
280	81	0.225			14	0.038888889			0.186111111	0.027074429
281	70	0.194444444			21	0.058333333			0.136111111	0.026498311
282	100	0.277777778			21	0.058333333			0.219444444	0.030555556
283	80	0.222222222			16	0.044444444			0.177777778	0.027216553
284	88	0.244444444			20	0.055555556			0.188888889	0.028867513
285	87	0.241666667			21	0.058333333			0.183333333	0.028867513
286	77	0.213888889			10	0.027777778			0.186111111	0.025909386
287	98	0.272222222			20	0.055555556			0.216666667	0.03017439
288	90	0.25			18	0.05			0.2	0.028867513
289	75	0.208333333			20	0.055555556			0.152777778	0.027074429
290	81	0.225			16	0.044444444			0.180555556	0.027357938
291	75	0.208333333			13	0.036111111			0.172222222	0.026057865
292	63	0.175			10	0.027777778			0.147222222	0.023733344
293	82	0.227777778			13	0.036111111			0.191666667	0.027074429
294	79	0.219444444			21	0.058333333			0.161111111	0.027777778
295	78	0.216666667			15	0.041666667			0.175	0.026787919
296	80	0.222222222			17	0.047222222			0.175	0.027357938
297	92	0.255555556			16	0.044444444			0.211111111	0.028867513
298	82	0.227777778			16	0.044444444			0.183333333	0.027498597
299	87	0.241666667			16	0.044444444			0.197222222	0.028191365
300	66	0.183333333			15	0.041666667			0.141666667	0.025
301	70	0.194444444			6	0.016666667			0.177777778	0.024216105
302	65	0.180555556			12	0.033333333			0.147222222	0.024374901
303	89	0.247222222			15	0.041666667			0.205555556	0.028327886
304	68	0.188888889			9	0.025			0.163888889	0.024374901
305	56	0.155555556			12	0.033333333			0.122222222	0.022906142
306	70	0.194444444			19	0.052777778			0.141666667	0.026205503
307	74	0.205555556			15	0.041666667			0.163888889	0.026205503
308	62	0.172222222			13	0.036111111			0.136111111	0.024056261
309	62	0.172222222			6	0.016666667			0.155555556	0.022906142
310	61	0.169444444			10	0.027777778			0.141666667	0.023405972
311	49	0.136111111			12	0.033333333			0.102777778	0.021695138
312	76	0.211111111			11	0.030555556			0.180555556	0.025909386
313	59	0.163888889			10	0.027777778			0.136111111	0.023073955
314	81	0.225			12	0.033333333			0.191666667	0.026787919
315	68	0.188888889			19	0.052777778			0.136111111	0.025909386
316	78	0.216666667			10	0.027777778			0.188888889	0.026057865
317	61	0.169444444			17	0.047222222			0.122222222	0.024532669
318	53	0.147222222			26	0.072222222			0.075	0.024689429
319	59	0.163888889			13	0.036111111			0.127777778	0.023570226
320	60	0.166666667			12	0.033333333			0.133333333	0.023570226
321	64	0.177777778			13	0.036111111			0.141666667	0.024374901
322	71	0.197222222			15	0.041666667			0.155555556	0.025760051
323	51	0.141666667			15	0.041666667			0.1	0.022566773
324	64	0.177777778			17	0.047222222			0.130555556	0.025
325	74	0.205555556			14	0.038888889			0.166666667	0.026057865
326	67	0.186111111			7	0.019444444			0.166666667	0.023895348
327	58	0.161111111			14	0.038888889			0.122222222	0.023570226
328	52	0.144444444			18	0.05			0.094444444	0.023240556
329	58	0.161111111			10	0.027777778			0.133333333	0.022906142
330	52	0.144444444			5	0.013888889			0.130555556	0.020971762
331	62	0.172222222			14	0.038888889			0.133333333	0.024216105
332	56	0.155555556			19	0.052777778			0.102777778	0.024056261
333	61	0.169444444			16	0.044444444			0.125	0.024374901
334	66	0.183333333			10	0.027777778			0.155555556	0.024216105
335	66	0.183333333			10	0.027777778			0.155555556	0.024216105
336	78	0.216666667			17	0.047222222			0.169444444	0.027074429
337	55	0.152777778			16	0.044444444			0.108333333	0.023405972
338	53	0.147222222			8	0.022222222			0.125	0.021695138
339	58	0.161111111			16	0.044444444			0.116666667	0.023895348
340	64	0.177777778			14	0.038888889			0.138888889	0.024532669
341	60	0.166666667			10	0.027777778			0.138888889	0.023240556
342	52	0.144444444			19	0.052777778			0.091666667	0.023405972
343	69	0.191666667			10	0.027777778			0.163888889	0.024689429
344	46	0.127777778			16	0.044444444			0.083333333	0.021872244
345	59	0.163888889			12	0.033333333			0.130555556	0.023405972
346	62	0.172222222			11	0.030555556			0.141666667	0.023733344
347	70	0.194444444			11	0.030555556			0.163888889	0.025
348	50	0.138888889			10	0.027777778			0.111111111	0.021516574
349	48	0.133333333			10	0.027777778			0.105555556	0.021154925
350	48	0.133333333			16	0.044444444			0.088888889	0.022222222
351	54	0.15			13	0.036111111			0.113888889	0.022737091
352	48	0.133333333			10	0.027777778			0.105555556	0.021154925
353	55	0.152777778			11	0.030555556			0.122222222	0.022566773
354	62	0.172222222			13	0.036111111			0.136111111	0.024056261
355	40	0.111111111			10	0.027777778			0.083333333	0.019641855
356	59	0.163888889			13	0.036111111			0.127777778	0.023570226
357	45	0.125			18	0.05			0.075	0.022047928
358	53	0.147222222			9	0.025			0.122222222	0.021872244
359	57	0.158333333			11	0.030555556			0.127777778	0.022906142
360	52	0.144444444			10	0.027777778			0.116666667	0.021872244
361	51	0.141666667			19	0.052777778			0.088888889	0.023240556
362	52	0.144444444			12	0.033333333			0.111111111	0.022222222
363	45	0.125			9	0.025			0.1	0.020412415
364	54	0.15			14	0.038888889			0.111111111	0.022906142
365	48	0.133333333			11	0.030555556			0.102777778	0.021336516
366	38	0.105555556			9	0.025			0.080555556	0.019043485
367	45	0.125			7	0.019444444			0.105555556	0.02003084
368	40	0.111111111			9	0.025			0.086111111	0.019444444
369	48	0.133333333			10	0.027777778			0.105555556	0.021154925
370	42	0.116666667			11	0.030555556			0.086111111	0.020222527
371	43	0.119444444			14	0.038888889			0.080555556	0.020971762
372	43	0.119444444			13	0.036111111			0.083333333	0.020786985
373	57	0.158333333			9	0.025			0.133333333	0.022566773
374	47	0.130555556			13	0.036111111			0.094444444	0.021516574
375	45	0.125			9	0.025			0.1	0.020412415
376	44	0.122222222			11	0.030555556			0.091666667	0.020600551
377	50	0.138888889			11	0.030555556			0.108333333	0.021695138
378	42	0.116666667			14	0.038888889			0.077777778	0.020786985
379	41	0.113888889			9	0.025			0.088888889	0.019641855
380	38	0.105555556			12	0.033333333			0.072222222	0.019641855
381	33	0.091666667			10	0.027777778			0.063888889	0.018215107
382	50	0.138888889			12	0.033333333			0.105555556	0.021872244
383	40	0.111111111			9	0.025			0.086111111	0.019444444
384	50	0.138888889			11	0.030555556			0.108333333	0.021695138
385	46	0.127777778			5	0.013888889			0.113888889	0.019837301
386	42	0.116666667			12	0.033333333			0.083333333	0.020412415
387	46	0.127777778			6	0.016666667			0.111111111	0.02003084
388	45	0.125			13	0.036111111			0.088888889	0.021154925
389	55	0.152777778			6	0.016666667			0.136111111	0.021695138
390	45	0.125			12	0.033333333			0.091666667	0.020971762
391	46	0.127777778			9	0.025			0.102777778	0.020600551
392	39	0.108333333			9	0.025			0.083333333	0.019245009
393	40	0.111111111			7	0.019444444			0.091666667	0.019043485
394	24	0.066666667			13	0.036111111			0.030555556	0.016896563
395	29	0.080555556			7	0.019444444			0.061111111	0.016666667
396	47	0.130555556			9	0.025			0.105555556	0.020786985
397	43	0.119444444			12	0.033333333			0.086111111	0.020600551
398	30	0.083333333			15	0.041666667			0.041666667	0.0186339
399	40	0.111111111			5	0.013888889			0.097222222	0.0186339
400	35	0.097222222			8	0.022222222			0.075	0.018215107
401	41	0.113888889			12	0.033333333			0.080555556	0.020222527
402	48	0.133333333			8	0.022222222			0.111111111	0.020786985
403	33	0.091666667			10	0.027777778			0.063888889	0.018215107
404	35	0.097222222			7	0.019444444			0.077777778	0.018002057
405	47	0.130555556			9	0.025			0.105555556	0.020786985
406	35	0.097222222			12	0.033333333			0.063888889	0.019043485
407	45	0.125			10	0.027777778			0.097222222	0.020600551
408	34	0.094444444			7	0.019444444			0.075	0.017786456
409	39	0.108333333			10	0.027777778			0.080555556	0.019444444
410	40	0.111111111			12	0.033333333			0.077777778	0.02003084
411	38	0.105555556			12	0.033333333			0.072222222	0.019641855
412	36	0.1			6	0.016666667			0.083333333	0.018002057
413	49	0.136111111			9	0.025			0.111111111	0.021154925
414	43	0.119444444			10	0.027777778			0.091666667	0.020222527
415	36	0.1			12	0.033333333			0.066666667	0.019245009
416	41	0.113888889			15	0.041666667			0.072222222	0.020786985
417	38	0.105555556			13	0.036111111			0.069444444	0.019837301
418	27	0.075			6	0.016666667			0.058333333	0.015957118
419	37	0.102777778			10	0.027777778			0.075	0.019043485
420	38	0.105555556			7	0.019444444			0.086111111	0.0186339
421	39	0.108333333			15	0.041666667			0.066666667	0.020412415
422	41	0.113888889			11	0.030555556			0.083333333	0.02003084
423	36	0.1			6	0.016666667			0.083333333	0.018002057
424	39	0.108333333			13	0.036111111			0.072222222	0.02003084
425	30	0.083333333			8	0.022222222			0.061111111	0.017123372
426	25	0.069444444			10	0.027777778			0.041666667	0.016433555
427	49	0.136111111			10	0.027777778			0.108333333	0.021336516
428	36	0.1			11	0.030555556			0.069444444	0.019043485
429	36	0.1			6	0.016666667			0.083333333	0.018002057
430	35	0.097222222			12	0.033333333			0.063888889	0.019043485
431	34	0.094444444			7	0.019444444			0.075	0.017786456
432	34	0.094444444			10	0.027777778			0.066666667	0.018425693
433	34	0.094444444			5	0.013888889			0.080555556	0.017347217
434	48	0.133333333			6	0.016666667			0.116666667	0.020412415
435	39	0.108333333			11	0.030555556			0.077777778	0.019641855
436	28	0.077777778			7	0.019444444			0.058333333	0.016433555
437	30	0.083333333			12	0.033333333			0.05	0.018002057
438	34	0.094444444			8	0.022222222			0.072222222	0.018002057
439	26	0.072222222			8	0.022222222			0.05	0.016197089
440	42	0.116666667			4	0.011111111			0.105555556	0.018839806
441	51	0.141666667			11	0.030555556			0.111111111	0.021872244
442	32	0.088888889			4	0.011111111			0.077777778	0.016666667
443	34	0.094444444			11	0.030555556			0.063888889	0.0186339
444	40	0.111111111			7	0.019444444			0.091666667	0.019043485
445	31	0.086111111			3	0.008333333			0.077777778	0.016197089
446	19	0.052777778			8	0.022222222			0.030555556	0.014433757
447	32	0.088888889			9	0.025			0.063888889	0.017786456
448	30	0.083333333			10	0.027777778			0.055555556	0.017568209
449	40	0.111111111			8	0.022222222			0.088888889	0.019245009
450	36	0.1			10	0.027777778			0.072222222	0.018839806
451	25	0.069444444			6	0.016666667			0.052777778	0.015466012
452	26	0.072222222			13	0.036111111			0.036111111	0.017347217
453	28	0.077777778			9	0.025			0.052777778	0.016896563
454	34	0.094444444			10	0.027777778			0.066666667	0.018425693
455	33	0.091666667			11	0.030555556			0.061111111	0.018425693
456	32	0.088888889			5	0.013888889			0.075	0.016896563
457	25	0.069444444			7	0.019444444			0.05	0.015713484
458	26	0.072222222			7	0.019444444			0.052777778	0.015957118
459	32	0.088888889			7	0.019444444			0.069444444	0.017347217
460	27	0.075			11	0.030555556			0.044444444	0.017123372
461	36	0.1			5	0.013888889			0.086111111	0.017786456
462	35	0.097222222			10	0.027777778			0.069444444	0.0186339
463	32	0.088888889			7	0.019444444			0.069444444	0.017347217
464	18	0.05			4	0.011111111			0.038888889	0.013028933
465	39	0.108333333			8	0.022222222			0.086111111	0.019043485
466	27	0.075			6	0.016666667			0.058333333	0.015957118
467	25	0.069444444			7	0.019444444			0.05	0.015713484
468	32	0.088888889			6	0.016666667			0.072222222	0.017123372
469	35	0.097222222			15	0.041666667			0.055555556	0.019641855
470	31	0.086111111			7	0.019444444			0.066666667	0.017123372
471	27	0.075			7	0.019444444			0.055555556	0.016197089
472	33	0.091666667			1	0.002777778			0.088888889	0.016197089
473	23	0.063888889			4	0.011111111			0.052777778	0.014433757
474	35	0.097222222			7	0.019444444			0.077777778	0.018002057
475	33	0.091666667			6	0.016666667			0.075	0.017347217
476	32	0.088888889			7	0.019444444			0.069444444	0.017347217
477	20	0.055555556			3	0.008333333			0.047222222	0.013321754
478	24	0.066666667			8	0.022222222			0.044444444	0.015713484
479	26	0.072222222			7	0.019444444			0.052777778	0.015957118
480	31	0.086111111			4	0.011111111			0.075	0.016433555
481	21	0.058333333			13	0.036111111			0.022222222	0.016197089
482	28	0.077777778			3	0.008333333			0.069444444	0.015466012
483	31	0.086111111			10	0.027777778			0.058333333	0.017786456
484	32	0.088888889			4	0.011111111			0.077777778	0.016666667
485	31	0.086111111			10	0.027777778			0.058333333	0.017786456
486	29	0.080555556			5	0.013888889			0.066666667	0.016197089
487	23	0.063888889			10	0.027777778			0.036111111	0.015957118
488	28	0.077777778			5	0.013888889			0.063888889	0.015957118
489	25	0.069444444			9	0.025			0.044444444	0.016197089
490	18	0.05			4	0.011111111			0.038888889	0.013028933
491	25	0.069444444			5	0.013888889			0.055555556	0.015214515
492	24	0.066666667			8	0.022222222			0.044444444	0.015713484
493	33	0.091666667			9	0.025			0.066666667	0.018002057
494	27	0.075			9	0.025			0.05	0.016666667
495	24	0.066666667			7	0.019444444			0.047222222	0.015466012
496	19	0.052777778			7	0.019444444			0.033333333	0.014163943
497	25	0.069444444			5	0.013888889			0.055555556	0.015214515
498	29	0.080555556			5	0.013888889			0.066666667	0.016197089
499	37	0.102777778			9	0.025			0.077777778	0.018839806
500	22	0.061111111			8	0.022222222			0.038888889	0.015214515
501	18	0.05			8	0.022222222			0.027777778	0.014163943
502	19	0.052777778			8	0.022222222			0.030555556	0.014433757
503	24	0.066666667			12	0.033333333			0.033333333	0.016666667
504	33	0.091666667			8	0.022222222			0.069444444	0.017786456
505	23	0.063888889			6	0.016666667			0.047222222	0.014958791
506	36	0.1			7	0.019444444			0.080555556	0.018215107
507	17	0.047222222			4	0.011111111			0.036111111	0.012729377
508	26	0.072222222			7	0.019444444			0.052777778	0.015957118
509	24	0.066666667			6	0.016666667			0.05	0.015214515
510	22	0.061111111			8	0.022222222			0.038888889	0.015214515
511	16	0.044444444			7	0.019444444			0.025	0.013321754
512	28	0.077777778			10	0.027777778			0.05	0.017123372
513	16	0.044444444			6	0.016666667			0.027777778	0.013028933
514	23	0.063888889			8	0.022222222			0.041666667	0.015466012
515	23	0.063888889			5	0.013888889			0.05	0.014698618
516	17	0.047222222			5	0.013888889			0.033333333	0.013028933
517	15	0.041666667			8	0.022222222			0.019444444	0.013321754
518	29	0.080555556			6	0.016666667			0.063888889	0.016433555
519	25	0.069444444			7	0.019444444			0.05	0.015713484
520	23	0.063888889			6	0.016666667			0.047222222	0.014958791
521	18	0.05			12	0.033333333			0.016666667	0.015214515
522	13	0.036111111			5	0.013888889			0.022222222	0.011785113
523	27	0.075			9	0.025			0.05	0.016666667
524	23	0.063888889			4	0.011111111			0.052777778	0.014433757
525	27	0.075			5	0.013888889			0.061111111	0.015713484
526	27	0.075			5	0.013888889			0.061111111	0.015713484
527	29	0.080555556			7	0.019444444			0.061111111	0.016666667
528	20	0.055555556			7	0.019444444			0.036111111	0.014433757
529	20	0.055555556			7	0.019444444			0.036111111	0.014433757
530	23	0.063888889			6	0.016666667			0.047222222	0.014958791
531	22	0.061111111			7	0.019444444			0.041666667	0.014958791
532	20	0.055555556			7	0.019444444			0.036111111	0.014433757
533	16	0.044444444			6	0.016666667			0.027777778	0.013028933
534	23	0.063888889			10	0.027777778			0.036111111	0.015957118
535	24	0.066666667			6	0.016666667			0.05	0.015214515
536	29	0.080555556			4	0.011111111			0.069444444	0.015957118
537	16	0.044444444			10	0.027777778			0.016666667	0.014163943
538	15	0.041666667			5	0.013888889			0.027777778	0.0124226
539	26	0.072222222			2	0.005555556			0.066666667	0.014698618
540	23	0.063888889			9	0.025			0.038888889	0.015713484
541	31	0.086111111			7	0.019444444			0.066666667	0.017123372
542	14	0.038888889			12	0.033333333			0.005555556	0.014163943
543	25	0.069444444			7	0.019444444			0.05	0.015713484
544	19	0.052777778			6	0.016666667			0.036111111	0.013888889
545	23	0.063888889			11	0.030555556			0.033333333	0.016197089
546	26	0.072222222			6	0.016666667			0.055555556	0.015713484
547	24	0.066666667			9	0.025			0.041666667	0.015957118
548	17	0.047222222			8	0.022222222			0.025	0.013888889
549	24	0.066666667			7	0.019444444			0.047222222	0.015466012
550	23	0.063888889			5	0.013888889			0.05	0.014698618
551	23	0.063888889			8	0.022222222			0.041666667	0.015466012
552	19	0.052777778			11	0.030555556			0.022222222	0.015214515
553	16	0.044444444			5	0.013888889			0.030555556	0.012729377
554	15	0.041666667			7	0.019444444			0.022222222	0.013028933
555	20	0.055555556			9	0.025			0.030555556	0.014958791
556	15	0.041666667			7	0.019444444			0.022222222	0.013028933
557	16	0.044444444			5	0.013888889			0.030555556	0.012729377
558	17	0.047222222			4	0.011111111			0.036111111	0.012729377
559	32	0.088888889			6	0.016666667			0.072222222	0.017123372
560	20	0.055555556			2	0.005555556			0.05	0.013028933
561	17	0.047222222			13	0.036111111			0.011111111	0.015214515
562	12	0.033333333			5	0.013888889			0.019444444	0.011453071
563	13	0.036111111			4	0.011111111			0.025	0.011453071
564	11	0.030555556			13	0.036111111			-0.005555556	0.013608276
565	24	0.066666667			7	0.019444444			0.047222222	0.015466012
566	26	0.072222222			7	0.019444444			0.052777778	0.015957118
567	18	0.05			4	0.011111111			0.038888889	0.013028933
568	19	0.052777778			4	0.011111111			0.041666667	0.013321754
569	25	0.069444444			4	0.011111111			0.058333333	0.014958791
570	19	0.052777778			4	0.011111111			0.041666667	0.013321754
571	19	0.052777778			4	0.011111111			0.041666667	0.013321754
572	26	0.072222222			7	0.019444444			0.052777778	0.015957118
573	20	0.055555556			8	0.022222222			0.033333333	0.014698618
574	15	0.041666667			3	0.008333333			0.033333333	0.011785113
575	18	0.05			7	0.019444444			0.030555556	0.013888889
576	10	0.027777778			4	0.011111111			0.016666667	0.010393493
577	22	0.061111111			4	0.011111111			0.05	0.014163943
578	19	0.052777778			7	0.019444444			0.033333333	0.014163943
579	16	0.044444444			7	0.019444444			0.025	0.013321754
580	18	0.05			2	0.005555556			0.044444444	0.0124226
581	26	0.072222222			6	0.016666667			0.055555556	0.015713484
582	13	0.036111111			6	0.016666667			0.019444444	0.012108053
583	20	0.055555556			4	0.011111111			0.044444444	0.013608276
584	22	0.061111111			5	0.013888889			0.047222222	0.014433757
585	15	0.041666667			4	0.011111111			0.030555556	0.012108053
586	17	0.047222222			8	0.022222222			0.025	0.013888889
587	20	0.055555556			12	0.033333333			0.022222222	0.015713484
588	22	0.061111111			5	0.013888889			0.047222222	0.014433757
589	20	0.055555556			7	0.019444444			0.036111111	0.014433757
590	24	0.066666667			3	0.008333333			0.058333333	0.014433757
591	16	0.044444444			7	0.019444444			0.025	0.013321754
592	15	0.041666667			1	0.002777778			0.038888889	0.011111111
593	20	0.055555556			6	0.016666667			0.038888889	0.014163943
594	20	0.055555556			10	0.027777778			0.027777778	0.015214515
595	15	0.041666667			8	0.022222222			0.019444444	0.013321754
596	16	0.044444444			6	0.016666667			0.027777778	0.013028933
597	16	0.044444444			8	0.022222222			0.022222222	0.013608276
598	14	0.038888889			8	0.022222222			0.016666667	0.013028933
599	16	0.044444444			7	0.019444444			0.025	0.013321754
600	20	0.055555556			4	0.011111111			0.044444444	0.013608276
601	15	0.041666667			1	0.002777778			0.038888889	0.011111111
602	17	0.047222222			8	0.022222222			0.025	0.013888889
603	16	0.044444444			4	0.011111111			0.033333333	0.0124226
604	18	0.05			3	0.008333333			0.041666667	0.012729377
605	18	0.05			11	0.030555556			0.019444444	0.014958791
606	18	0.05			3	0.008333333			0.041666667	0.012729377
607	13	0.036111111			6	0.016666667			0.019444444	0.012108053
608	18	0.05			4	0.011111111			0.038888889	0.013028933
609	12	0.033333333			8	0.022222222			0.011111111	0.0124226
610	13	0.036111111			3	0.008333333			0.027777778	0.011111111
611	16	0.044444444			7	0.019444444			0.025	0.013321754
612	14	0.038888889			6	0.016666667			0.022222222	0.0124226
613	15	0.041666667			6	0.016666667			0.025	0.012729377
614	11	0.030555556			5	0.013888889			0.016666667	0.011111111
615	17	0.047222222			5	0.013888889			0.033333333	0.013028933
616	8	0.022222222			6	0.016666667			0.005555556	0.010393493
617	9	0.025			6	0.016666667			0.008333333	0.010758287
618	21	0.058333333			4	0.011111111			0.047222222	0.013888889
619	18	0.05			7	0.019444444			0.030555556	0.013888889
620	11	0.030555556			6	0.016666667			0.013888889	0.011453071
621	12	0.033333333			5	0.013888889			0.019444444	0.011453071
622	16	0.044444444			5	0.013888889			0.030555556	0.012729377
623	5	0.013888889			5	0.013888889			0	0.008784105
624	21	0.058333333			9	0.025			0.033333333	0.015214515
625	18	0.05			5	0.013888889			0.036111111	0.013321754
626	17	0.047222222			4	0.011111111			0.036111111	0.012729377
627	13	0.036111111			7	0.019444444			0.016666667	0.0124226
628	12	0.033333333			4	0.011111111			0.022222222	0.011111111
629	13	0.036111111			2	0.005555556			0.030555556	0.010758287
630	14	0.038888889			3	0.008333333			0.030555556	0.011453071
631	20	0.055555556			2	0.005555556			0.05	0.013028933
632	13	0.036111111			5	0.013888889			0.022222222	0.011785113
633	19	0.052777778			2	0.005555556			0.047222222	0.012729377
634	20	0.055555556			8	0.022222222			0.033333333	0.014698618
635	12	0.033333333			5	0.013888889			0.019444444	0.011453071
636	13	0.036111111			5	0.013888889			0.022222222	0.011785113
637	15	0.041666667			7	0.019444444			0.022222222	0.013028933
638	13	0.036111111			6	0.016666667			0.019444444	0.012108053
639	9	0.025			2	0.005555556			0.019444444	0.009212847
640	18	0.05			5	0.013888889			0.036111111	0.013321754
641	16	0.044444444			5	0.013888889			0.030555556	0.012729377
642	14	0.038888889			3	0.008333333			0.030555556	0.011453071
643	21	0.058333333			8	0.022222222			0.036111111	0.014958791
644	14	0.038888889			5	0.013888889			0.025	0.012108053
645	21	0.058333333			7	0.019444444			0.038888889	0.014698618
646	13	0.036111111			8	0.022222222			0.013888889	0.012729377
647	6	0.016666667			7	0.019444444			-0.002777778	0.01001542
648	16	0.044444444			7	0.019444444			0.025	0.013321754
649	17	0.047222222			7	0.019444444			0.027777778	0.013608276
650	12	0.033333333			3	0.008333333			0.025	0.010758287
651	13	0.036111111			3	0.008333333			0.027777778	0.011111111
652	16	0.044444444			4	0.011111111			0.033333333	0.0124226
653	7	0.019444444			4	0.011111111			0.008333333	0.009212847
654	17	0.047222222			0	0			0.047222222	0.011453071
655	11	0.030555556			4	0.011111111			0.019444444	0.010758287
656	7	0.019444444			7	0.019444444			0	0.010393493
657	6	0.016666667			2	0.005555556			0.011111111	0.007856742
658	19	0.052777778			2	0.005555556			0.047222222	0.012729377
659	21	0.058333333			6	0.016666667			0.041666667	0.014433757
660	13	0.036111111			2	0.005555556			0.030555556	0.010758287
661	17	0.047222222			5	0.013888889			0.033333333	0.013028933
662	9	0.025			4	0.011111111			0.013888889	0.01001542
663	12	0.033333333			5	0.013888889			0.019444444	0.011453071
664	21	0.058333333			6	0.016666667			0.041666667	0.014433757
665	12	0.033333333			5	0.013888889			0.019444444	0.011453071
666	11	0.030555556			4	0.011111111			0.019444444	0.010758287
667	13	0.036111111			2	0.005555556			0.030555556	0.010758287
668	14	0.038888889			1	0.002777778			0.036111111	0.010758287
669	11	0.030555556			7	0.019444444			0.011111111	0.011785113
670	12	0.033333333			4	0.011111111			0.022222222	0.011111111
671	17	0.047222222			3	0.008333333			0.038888889	0.0124226
672	15	0.041666667			6	0.016666667			0.025	0.012729377
673	15	0.041666667			8	0.022222222			0.019444444	0.013321754
674	13	0.036111111			5	0.013888889			0.022222222	0.011785113
675	17	0.047222222			3	0.008333333			0.038888889	0.0124226
676	10	0.027777778			4	0.011111111			0.016666667	0.010393493
677	11	0.030555556			4	0.011111111			0.019444444	0.010758287
678	15	0.041666667			5	0.013888889			0.027777778	0.0124226
679	10	0.027777778			3	0.008333333			0.019444444	0.01001542
680	9	0.025			3	0.008333333			0.016666667	0.009622504
681	17	0.047222222			1	0.002777778			0.044444444	0.011785113
682	18	0.05			8	0.022222222			0.027777778	0.014163943
683	13	0.036111111			8	0.022222222			0.013888889	0.012729377
684	14	0.038888889			3	0.008333333			0.030555556	0.011453071
685	6	0.016666667			8	0.022222222			-0.005555556	0.010393493
686	14	0.038888889			1	0.002777778			0.036111111	0.010758287
687	13	0.036111111			5	0.013888889			0.022222222	0.011785113
688	14	0.038888889			5	0.013888889			0.025	0.012108053
689	11	0.030555556			4	0.011111111			0.019444444	0.010758287
690	10	0.027777778			4	0.011111111			0.016666667	0.010393493
691	11	0.030555556			9	0.025			0.005555556	0.0124226
692	13	0.036111111			4	0.011111111			0.025	0.011453071
693	7	0.019444444			4	0.011111111			0.008333333	0.009212847
694	7	0.019444444			2	0.005555556			0.013888889	0.008333333
695	7	0.019444444			1	0.002777778			0.016666667	0.007856742
696	16	0.044444444			5	0.013888889			0.030555556	0.012729377
697	15	0.041666667			6	0.016666667			0.025	0.012729377
698	12	0.033333333			1	0.002777778			0.030555556	0.01001542
699	13	0.036111111			3	0.008333333			0.027777778	0.011111111
700	15	0.041666667			5	0.013888889			0.027777778	0.0124226
701	16	0.044444444			9	0.025			0.019444444	0.013888889
702	14	0.038888889			7	0.019444444			0.019444444	0.012729377
703	12	0.033333333			2	0.005555556			0.027777778	0.010393493
704	12	0.033333333			2	0.005555556			0.027777778	0.010393493
705	12	0.033333333			3	0.008333333			0.025	0.010758287
706	11	0.030555556			5	0.013888889			0.016666667	0.011111111
707	8	0.022222222			4	0.011111111			0.011111111	0.009622504
708	17	0.047222222			4	0.011111111			0.036111111	0.012729377
709	15	0.041666667			5	0.013888889			0.027777778	0.0124226
710	14	0.038888889			1	0.002777778			0.036111111	0.010758287
711	18	0.05			8	0.022222222			0.027777778	0.014163943
712	14	0.038888889			6	0.016666667			0.022222222	0.0124226
713	16	0.044444444			6	0.016666667			0.027777778	0.013028933
714	17	0.047222222			7	0.019444444			0.027777778	0.013608276
715	13	0.036111111			6	0.016666667			0.019444444	0.012108053
716	7	0.019444444			5	0.013888889			0.005555556	0.009622504
717	12	0.033333333			2	0.005555556			0.027777778	0.010393493
718	10	0.027777778			1	0.002777778			0.025	0.009212847
719	13	0.036111111			5	0.013888889			0.022222222	0.011785113
720	11	0.030555556			3	0.008333333			0.022222222	0.010393493
721	8	0.022222222			7	0.019444444			0.002777778	0.010758287
722	14	0.038888889			1	0.002777778			0.036111111	0.010758287
723	14	0.038888889			3	0.008333333			0.030555556	0.011453071
724	12	0.033333333			7	0.019444444			0.013888889	0.012108053
725	8	0.022222222			3	0.008333333			0.013888889	0.009212847
726	13	0.036111111			4	0.011111111			0.025	0.011453071
727	15	0.041666667			5	0.013888889			0.027777778	0.0124226
728	8	0.022222222			5	0.013888889			0.008333333	0.01001542
729	9	0.025			6	0.016666667			0.008333333	0.010758287
730	13	0.036111111			9	0.025			0.011111111	0.013028933
731	11	0.030555556			4	0.011111111			0.019444444	0.010758287
732	20	0.055555556			5	0.013888889			0.041666667	0.013888889
733	15	0.041666667			4	0.011111111			0.030555556	0.012108053
734	14	0.038888889			6	0.016666667			0.022222222	0.0124226
735	11	0.030555556			1	0.002777778			0.027777778	0.009622504
736	12	0.033333333			0	0			0.033333333	0.009622504
737	17	0.047222222			3	0.008333333			0.038888889	0.0124226
738	8	0.022222222			5	0.013888889			0.008333333	0.01001542
739	7	0.019444444			3	0.008333333			0.011111111	0.008784105
740	6	0.016666667			2	0.005555556			0.011111111	0.007856742
741	11	0.030555556			6	0.016666667			0.013888889	0.011453071
742	4	0.011111111			5	0.013888889			-0.002777778	0.008333333
743	12	0.033333333			4	0.011111111			0.022222222	0.011111111
744	8	0.022222222			7	0.019444444			0.002777778	0.010758287
745	11	0.030555556			2	0.005555556			0.025	0.01001542
746	14	0.038888889			8	0.022222222			0.016666667	0.013028933
747	12	0.033333333			5	0.013888889			0.019444444	0.011453071
748	11	0.030555556			2	0.005555556			0.025	0.01001542
749	7	0.019444444			4	0.011111111			0.008333333	0.009212847
750	13	0.036111111			3	0.008333333			0.027777778	0.011111111
751	13	0.036111111			3	0.008333333			0.027777778	0.011111111
752	12	0.033333333			4	0.011111111			0.022222222	0.011111111
753	6	0.016666667			3	0.008333333			0.008333333	0.008333333
754	8	0.022222222			3	0.008333333			0.013888889	0.009212847
755	12	0.033333333			1	0.002777778			0.030555556	0.01001542
756	11	0.030555556			1	0.002777778			0.027777778	0.009622504
757	7	0.019444444			1	0.002777778			0.016666667	0.007856742
758	11	0.030555556			2	0.005555556			0.025	0.01001542
759	12	0.033333333			4	0.011111111			0.022222222	0.011111111
760	9	0.025			4	0.011111111			0.013888889	0.01001542
761	5	0.013888889			3	0.008333333			0.005555556	0.007856742
762	7	0.019444444			3	0.008333333			0.011111111	0.008784105
763	11	0.030555556			1	0.002777778			0.027777778	0.009622504
764	9	0.025			2	0.005555556			0.019444444	0.009212847
765	8	0.022222222			10	0.027777778			-0.005555556	0.011785113
766	7	0.019444444			4	0.011111111			0.008333333	0.009212847
767	13	0.036111111			4	0.011111111			0.025	0.011453071
768	13	0.036111111			3	0.008333333			0.027777778	0.011111111
769	6	0.016666667			4	0.011111111			0.005555556	0.008784105
770	13	0.036111111			2	0.005555556			0.030555556	0.010758287
771	18	0.05			4	0.011111111			0.038888889	0.013028933
772	11	0.030555556			4	0.011111111			0.019444444	0.010758287
773	18	0.05			4	0.011111111			0.038888889	0.013028933
774	8	0.022222222			2	0.005555556			0.016666667	0.008784105
775	19	0.052777778			5	0.013888889			0.038888889	0.013608276
776	13	0.036111111			3	0.008333333			0.027777778	0.011111111
777	10	0.027777778			3	0.008333333			0.019444444	0.01001542
778	9	0.025			7	0.019444444			0.005555556	0.011111111
779	10	0.027777778			3	0.008333333			0.019444444	0.01001542
780	14	0.038888889			3	0.008333333			0.030555556	0.011453071
781	6	0.016666667			4	0.011111111			0.005555556	0.008784105
782	7	0.019444444			2	0.005555556			0.013888889	0.008333333
783	10	0.027777778			2	0.005555556			0.022222222	0.009622504
784	11	0.030555556			6	0.016666667			0.013888889	0.011453071
785	6	0.016666667			4	0.011111111			0.005555556	0.008784105
786	7	0.019444444			4	0.011111111			0.008333333	0.009212847
787	12	0.033333333			6	0.016666667			0.016666667	0.011785113
788	5	0.013888889			7	0.019444444			-0.005555556	0.009622504
789	9	0.025			2	0.005555556			0.019444444	0.009212847
790	4	0.011111111			5	0.013888889			-0.002777778	0.008333333
791	10	0.027777778			3	0.008333333			0.019444444	0.01001542
792	11	0.030555556			6	0.016666667			0.013888889	0.011453071
793	9	0.025			2	0.005555556			0.019444444	0.009212847
794	8	0.022222222			2	0.005555556			0.016666667	0.008784105
795	8	0.022222222			4	0.011111111			0.011111111	0.009622504
796	8	0.022222222			4	0.011111111			0.011111111	0.009622504
797	9	0.025			1	0.002777778			0.022222222	0.008784105
798	11	0.030555556			2	0.005555556			0.025	0.01001542
799	8	0.022222222			2	0.005555556			0.016666667	0.008784105
800	8	0.022222222			1	0.002777778			0.019444444	0.008333333
801	9	0.025			4	0.011111111			0.013888889	0.01001542
802	10	0.027777778			2	0.005555556			0.022222222	0.009622504
803	10	0.027777778			3	0.008333333			0.019444444	0.01001542
804	9	0.025			6	0.016666667			0.008333333	0.010758287
805	8	0.022222222			3	0.008333333			0.013888889	0.009212847
806	8	0.022222222			2	0.005555556			0.016666667	0.008784105
807	9	0.025			4	0.011111111			0.013888889	0.01001542
808	5	0.013888889			4	0.011111111			0.002777778	0.008333333
809	8	0.022222222			4	0.011111111			0.011111111	0.009622504
810	5	0.013888889			1	0.002777778			0.011111111	0.006804138
811	12	0.033333333			2	0.005555556			0.027777778	0.010393493
812	4	0.011111111			4	0.011111111			0	0.007856742
813	11	0.030555556			3	0.008333333			0.022222222	0.010393493
814	7	0.019444444			3	0.008333333			0.011111111	0.008784105
815	13	0.036111111			2	0.005555556			0.030555556	0.010758287
816	5	0.013888889			4	0.011111111			0.002777778	0.008333333
817	6	0.016666667			2	0.005555556			0.011111111	0.007856742
818	7	0.019444444			2	0.005555556			0.013888889	0.008333333
819	9	0.025			3	0.008333333			0.016666667	0.009622504
820	11	0.030555556			3	0.008333333			0.022222222	0.010393493
821	5	0.013888889			2	0.005555556			0.008333333	0.007349309
822	4	0.011111111			6	0.016666667			-0.005555556	0.008784105
823	11	0.030555556			7	0.019444444			0.011111111	0.011785113
824	8	0.022222222			6	0.016666667			0.005555556	0.010393493
825	10	0.027777778			5	0.013888889			0.013888889	0.010758287
826	9	0.025			3	0.008333333			0.016666667	0.009622504
827	8	0.022222222			1	0.002777778			0.019444444	0.008333333
828	3	0.008333333			4	0.011111111			-0.002777778	0.007349309
829	9	0.025			3	0.008333333			0.016666667	0.009622504
830	7	0.019444444			5	0.013888889			0.005555556	0.009622504
831	9	0.025			1	0.002777778			0.022222222	0.008784105
832	10	0.027777778			4	0.011111111			0.016666667	0.010393493
833	6	0.016666667			0	0			0.016666667	0.006804138
834	9	0.025			2	0.005555556			0.019444444	0.009212847
835	9	0.025			0	0			0.025	0.008333333
836	9	0.025			3	0.008333333			0.016666667	0.009622504
837	8	0.022222222			7	0.019444444			0.002777778	0.010758287
838	10	0.027777778			4	0.011111111			0.016666667	0.010393493
839	10	0.027777778			3	0.008333333			0.019444444	0.01001542
840	8	0.022222222			3	0.008333333			0.013888889	0.009212847
841	8	0.022222222			7	0.019444444			0.002777778	0.010758287
842	9	0.025			3	0.008333333			0.016666667	0.009622504
843	9	0.025			6	0.016666667			0.008333333	0.010758287
844	10	0.027777778			0	0			0.027777778	0.008784105
845	10	0.027777778			3	0.008333333			0.019444444	0.01001542
846	7	0.019444444			9	0.025			-0.005555556	0.011111111
847	6	0.016666667			1	0.002777778			0.013888889	0.007349309
848	3	0.008333333			5	0.013888889			-0.005555556	0.007856742
849	7	0.019444444			6	0.016666667			0.002777778	0.01001542
850	9	0.025			6	0.016666667			0.008333333	0.010758287
851	13	0.036111111			3	0.008333333			0.027777778	0.011111111
852	11	0.030555556			5	0.013888889			0.016666667	0.011111111
853	17	0.047222222			4	0.011111111			0.036111111	0.012729377
854	11	0.030555556			4	0.011111111			0.019444444	0.010758287
855	7	0.019444444			1	0.002777778			0.016666667	0.007856742
856	11	0.030555556			2	0.005555556			0.025	0.01001542
857	8	0.022222222			1	0.002777778			0.019444444	0.008333333
858	8	0.022222222			2	0.005555556			0.016666667	0.008784105
859	10	0.027777778			1	0.002777778			0.025	0.009212847
860	5	0.013888889			4	0.011111111			0.002777778	0.008333333
861	10	0.027777778			3	0.008333333			0.019444444	0.01001542
862	8	0.022222222			4	0.011111111			0.011111111	0.009622504
863	11	0.030555556			1	0.002777778			0.027777778	0.009622504
864	7	0.019444444			2	0.005555556			0.013888889	0.008333333
865	10	0.027777778			7	0.019444444			0.008333333	0.011453071
866	5	0.013888889			2	0.005555556			0.008333333	0.007349309
867	6	0.016666667			3	0.008333333			0.008333333	0.008333333
868	4	0.011111111			5	0.013888889			-0.002777778	0.008333333
869	8	0.022222222			3	0.008333333			0.013888889	0.009212847
870	5	0.013888889			2	0.005555556			0.008333333	0.007349309
871	5	0.013888889			2	0.005555556			0.008333333	0.007349309
872	7	0.019444444			0	0			0.019444444	0.007349309
873	5	0.013888889			5	0.013888889			0	0.008784105
874	7	0.019444444			0	0			0.019444444	0.007349309
875	7	0.019444444			2	0.005555556			0.013888889	0.008333333
876	7	0.019444444			2	0.005555556			0.013888889	0.008333333
877	4	0.011111111			4	0.011111111			0	0.007856742
878	11	0.030555556			3	0.008333333			0.022222222	0.010393493
879	6	0.016666667			3	0.008333333			0.008333333	0.008333333
880	10	0.027777778			4	0.011111111			0.016666667	0.010393493
881	10	0.027777778			2	0.005555556			0.022222222	0.009622504
882	3	0.008333333			2	0.005555556			0.002777778	0.0062113
883	7	0.019444444			3	0.008333333			0.011111111	0.008784105
884	5	0.013888889			4	0.011111111			0.002777778	0.008333333
885	5	0.013888889			5	0.013888889			0	0.008784105
886	11	0.030555556			3	0.008333333			0.022222222	0.010393493
887	11	0.030555556			5	0.013888889			0.016666667	0.011111111
888	6	0.016666667			5	0.013888889			0.002777778	0.009212847
889	10	0.027777778			3	0.008333333			0.019444444	0.01001542
890	6	0.016666667			1	0.002777778			0.013888889	0.007349309
891	6	0.016666667			2	0.005555556			0.011111111	0.007856742
892	3	0.008333333			3	0.008333333			0	0.006804138
893	7	0.019444444			3	0.008333333			0.011111111	0.008784105
894	10	0.027777778			4	0.011111111			0.016666667	0.010393493
895	15	0.041666667			1	0.002777778			0.038888889	0.011111111
896	10	0.027777778			3	0.008333333			0.019444444	0.01001542
897	10	0.027777778			3	0.008333333			0.019444444	0.01001542
898	8	0.022222222			1	0.002777778			0.019444444	0.008333333
899	5	0.013888889			1	0.002777778			0.011111111	0.006804138
900	5	0.013888889			4	0.011111111			0.002777778	0.008333333
901	3	0.008333333			2	0.005555556			0.002777778	0.0062113
902	9	0.025			3	0.008333333			0.016666667	0.009622504
903	12	0.033333333			1	0.002777778			0.030555556	0.01001542
904	8	0.022222222			2	0.005555556			0.016666667	0.008784105
905	4	0.011111111			3	0.008333333			0.002777778	0.007349309
906	11	0.030555556			2	0.005555556			0.025	0.01001542
907	9	0.025			6	0.016666667			0.008333333	0.010758287
908	3	0.008333333			5	0.013888889			-0.005555556	0.007856742
909	4	0.011111111			3	0.008333333			0.002777778	0.007349309
910	11	0.030555556			2	0.005555556			0.025	0.01001542
911	12	0.033333333			3	0.008333333			0.025	0.010758287
912	7	0.019444444			2	0.005555556			0.013888889	0.008333333
913	7	0.019444444			3	0.008333333			0.011111111	0.008784105
914	10	0.027777778			0	0			0.027777778	0.008784105
915	10	0.027777778			2	0.005555556			0.022222222	0.009622504
916	10	0.027777778			4	0.011111111			0.016666667	0.010393493
917	11	0.030555556			2	0.005555556			0.025	0.01001542
918	6	0.016666667			2	0.005555556			0.011111111	0.007856742
919	12	0.033333333			2	0.005555556			0.027777778	0.010393493
920	4	0.011111111			2	0.005555556			0.005555556	0.006804138
921	8	0.022222222			2	0.005555556			0.016666667	0.008784105
922	9	0.025			1	0.002777778			0.022222222	0.008784105
923	10	0.027777778			3	0.008333333			0.019444444	0.01001542
924	9	0.025			3	0.008333333			0.016666667	0.009622504
925	4	0.011111111			4	0.011111111			0	0.007856742
926	3	0.008333333			3	0.008333333			0	0.006804138
927	9	0.025			2	0.005555556			0.019444444	0.009212847
928	4	0.011111111			2	0.005555556			0.005555556	0.006804138
929	8	0.022222222			1	0.002777778			0.019444444	0.008333333
930	9	0.025			3	0.008333333			0.016666667	0.009622504
931	6	0.016666667			3	0.008333333			0.008333333	0.008333333
932	11	0.030555556			3	0.008333333			0.022222222	0.010393493
933	7	0.019444444			4	0.011111111			0.008333333	0.009212847
934	7	0.019444444			2	0.005555556			0.013888889	0.008333333
935	6	0.016666667			4	0.011111111			0.005555556	0.008784105
936	12	0.033333333			3	0.008333333			0.025	0.010758287
937	6	0.016666667			0	0			0.016666667	0.006804138
938	7	0.019444444			0	0			0.019444444	0.007349309
939	10	0.027777778			6	0.016666667			0.011111111	0.011111111
940	9	0.025			3	0.008333333			0.016666667	0.009622504
941	1	0.002777778			3	0.008333333			-0.005555556	0.005555556
942	2	0.005555556			1	0.002777778			0.002777778	0.004811252
943	7	0.019444444			3	0.008333333			0.011111111	0.008784105
944	9	0.025			0	0			0.025	0.008333333
945	9	0.025			3	0.008333333			0.016666667	0.009622504
946	7	0.019444444			5	0.013888889			0.005555556	0.009622504
947	6	0.016666667			4	0.011111111			0.005555556	0.008784105
948	4	0.011111111			3	0.008333333			0.002777778	0.007349309
949	6	0.016666667			3	0.008333333			0.008333333	0.008333333
950	5	0.013888889			3	0.008333333			0.005555556	0.007856742
951	7	0.019444444			2	0.005555556			0.013888889	0.008333333
952	7	0.019444444			1	0.002777778			0.016666667	0.007856742
953	6	0.016666667			4	0.011111111			0.005555556	0.008784105
954	10	0.027777778			5	0.013888889			0.013888889	0.010758287
955	6	0.016666667			2	0.005555556			0.011111111	0.007856742
956	7	0.019444444			1	0.002777778			0.016666667	0.007856742
957	8	0.022222222			3	0.008333333			0.013888889	0.009212847
958	7	0.019444444			2	0.005555556			0.013888889	0.008333333
959	7	0.019444444			1	0.002777778			0.016666667	0.007856742
960	6	0.016666667			2	0.005555556			0.011111111	0.007856742
961	7	0.019444444			1	0.002777778			0.016666667	0.007856742
962	5	0.013888889			2	0.005555556			0.008333333	0.007349309
963	6	0.016666667			3	0.008333333			0.008333333	0.008333333
964	2	0.005555556			4	0.011111111			-0.005555556	0.006804138
965	7	0.019444444			4	0.011111111			0.008333333	0.009212847
966	4	0.011111111			2	0.005555556			0.005555556	0.006804138
967	5	0.013888889			0	0			0.013888889	0.0062113
968	8	0.022222222			2	0.005555556			0.016666667	0.008784105
969	6	0.016666667			4	0.011111111			0.005555556	0.008784105
970	6	0.016666667			3	0.008333333			0.008333333	0.008333333
971	8	0.022222222			4	0.011111111			0.011111111	0.009622504
972	7	0.019444444			7	0.019444444			0	0.010393493
973	5	0.013888889			2	0.005555556			0.008333333	0.007349309
974	3	0.008333333			6	0.016666667			-0.008333333	0.008333333
975	7	0.019444444			1	0.002777778			0.016666667	0.007856742
976	2	0.005555556			3	0.008333333			-0.002777778	0.0062113
977	9	0.025			2	0.005555556			0.019444444	0.009212847
978	3	0.008333333			1	0.002777778			0.005555556	0.005555556
979	9	0.025			2	0.005555556			0.019444444	0.009212847
980	7	0.019444444			3	0.008333333			0.011111111	0.008784105
981	12	0.033333333			2	0.005555556			0.027777778	0.010393493
982	4	0.011111111			0	0			0.011111111	0.005555556
983	4	0.011111111			1	0.002777778			0.008333333	0.0062113
984	6	0.016666667			2	0.005555556			0.011111111	0.007856742
985	3	0.008333333			2	0.005555556			0.002777778	0.0062113
986	11	0.030555556			2	0.005555556			0.025	0.01001542
987	6	0.016666667			0	0			0.016666667	0.006804138
988	1	0.002777778			3	0.008333333			-0.005555556	0.005555556
989	8	0.022222222			0	0			0.022222222	0.007856742
990	5	0.013888889			3	0.008333333			0.005555556	0.007856742
991	5	0.013888889			2	0.005555556			0.008333333	0.007349309
992	6	0.016666667			5	0.013888889			0.002777778	0.009212847
993	0	0			0	0			0	0
994	0	0			0	0			0	0
995	0	0			0	0			0	0
996	0	0			0	0			0	0
997	0	0			0	0			0	0
998	0	0			0	0			0	0
999	0	0			0	0			0	0
1000	0	0			0	0			0	0
1001	0	0			0	0			0	0
1002	0	0			0	0			0	0
1003	0	0			0	0			0	0
1004	0	0			0	0			0	0
1005	0	0			0	0			0	0
1006	0	0			0	0			0	0
1007	0	0			0	0			0	0
1008	0	0			0	0			0	0
1009	0	0			0	0			0	0
1010	0	0			0	0			0	0
1011	0	0			0	0			0	0
1012	0	0			0	0			0	0
1013	0	0			0	0			0	0
1014	0	0			0	0			0	0
1015	0	0			0	0			0	0
1016	0	0			0	0			0	0
1017	0	0			0	0			0	0
1018	0	0			0	0			0	0
1019	0	0			0	0			0	0
1020	0	0			0	0			0	0
1021	0	0			0	0			0	0
1022	0	0			0	0			0	0
1023	0	0			0	0			0	0
1024	0	0			0	0			0	0